0 0.244145 0.118823 0.099610 0.075713
0 0.241215 0.288115 0.099610 0.075710
0 0.241215 0.454785 0.099610 0.076770
0 0.242185 0.621455 0.099610 0.075710
0 0.246095 0.785485 0.099610 0.075710
0 0.452150 0.116717 0.136720 0.075706
0 0.449705 0.286540 0.137690 0.076760
0 0.448730 0.457415 0.137700 0.075710
0 0.449705 0.621455 0.137690 0.075710
0 0.450685 0.785485 0.137690 0.075710
0 0.668460 0.123554 0.114260 0.083071
0 0.666505 0.290745 0.114250 0.083070
0 0.666505 0.455835 0.114250 0.083070
0 0.661620 0.621975 0.114260 0.083070
0 0.659670 0.781805 0.114260 0.083070
0 0.228515 0.945845 0.107430 0.059930
0 0.449215 0.944795 0.117190 0.059930
0 0.660645 0.941640 0.104490 0.059940
1 0.897950 0.459515 0.125980 0.073610
