0 0.228030 0.193410 0.129880 0.051500
0 0.227050 0.076050 0.129880 0.051501
0 0.227050 0.316765 0.129880 0.051490
0 0.225585 0.438325 0.128910 0.052690
0 0.224610 0.562275 0.128900 0.051490
0 0.225100 0.685630 0.129880 0.051500
0 0.225100 0.808980 0.129880 0.051500
0 0.225100 0.929940 0.129880 0.051500
0 0.426270 0.926945 0.135740 0.055090
0 0.426270 0.805985 0.135740 0.055090
0 0.427250 0.682635 0.135740 0.055090
0 0.426270 0.562275 0.135740 0.053890
0 0.428220 0.438325 0.135740 0.055090
0 0.427735 0.313775 0.136710 0.055090
0 0.427250 0.194610 0.135740 0.053900
0 0.624020 0.317365 0.136720 0.055090
0 0.622560 0.437725 0.135740 0.053890
0 0.621580 0.194015 0.135740 0.055090
0 0.621580 0.559880 0.135740 0.053900
0 0.622560 0.684435 0.135740 0.053890
0 0.622560 0.806585 0.135740 0.053890
0 0.624020 0.929345 0.136720 0.055090
0 0.422850 0.074851 0.125000 0.051498
0 0.617190 0.075451 0.125000 0.052698
0 0.878420 0.862875 0.211920 0.214370
0 0.877930 0.621560 0.207040 0.220360
