0 0.197270 0.108930 0.125000 0.067860
0 0.196290 0.285120 0.125000 0.079760
0 0.196290 0.460120 0.125000 0.079760
0 0.200200 0.624405 0.125000 0.079770
0 0.197270 0.773215 0.125000 0.079770
0 0.198240 0.926785 0.125000 0.079770
0 0.413575 0.923215 0.124030 0.079770
0 0.410645 0.776785 0.133790 0.079770
0 0.412110 0.622620 0.132820 0.080960
0 0.406740 0.461905 0.131840 0.080950
0 0.407715 0.284525 0.131830 0.080950
0 0.402345 0.103573 0.132810 0.080955
0 0.639160 0.925595 0.153320 0.082150
0 0.635740 0.779170 0.154300 0.082140
0 0.639160 0.625000 0.153320 0.083340
0 0.637695 0.463095 0.154290 0.083330
0 0.632320 0.280955 0.153320 0.083330
0 0.632810 0.102977 0.154300 0.082145
