0 0.079589 0.332260 0.043943 0.057840
0 0.081055 0.504500 0.042970 0.057840
0 0.083006 0.676735 0.042967 0.057850
0 0.068848 0.806555 0.041992 0.042410
0 0.068848 0.908740 0.040039 0.064260
0 0.136720 0.906810 0.041020 0.062980
0 0.204590 0.908740 0.040040 0.064260
0 0.275390 0.910665 0.044920 0.060410
0 0.341310 0.910670 0.040040 0.062980
0 0.137205 0.807840 0.041990 0.042420
0 0.204590 0.809125 0.042000 0.042410
0 0.270995 0.807840 0.041990 0.042420
0 0.338865 0.810410 0.042970 0.042420
0 0.201660 0.684450 0.040040 0.062980
0 0.270020 0.685730 0.040040 0.062980
0 0.336430 0.685730 0.040040 0.062980
0 0.201660 0.508355 0.040040 0.062990
0 0.268070 0.508355 0.040040 0.062990
0 0.335450 0.509640 0.040040 0.062980
0 0.404295 0.509640 0.041010 0.062980
0 0.473140 0.510285 0.040040 0.064270
0 0.406740 0.687020 0.040040 0.062980
0 0.408690 0.913885 0.040040 0.064270
0 0.477050 0.911950 0.040040 0.062980
0 0.477050 0.687660 0.040040 0.064260
0 0.201170 0.329050 0.041020 0.064260
0 0.266600 0.330335 0.041020 0.064270
0 0.335450 0.331620 0.040040 0.064260
0 0.402830 0.332260 0.040040 0.062980
0 0.473140 0.328410 0.040040 0.062980
0 0.543460 0.331620 0.040040 0.064260
0 0.543460 0.510285 0.040040 0.064270
0 0.544430 0.687020 0.040040 0.062980
0 0.545900 0.911950 0.041020 0.062980
0 0.134280 0.103469 0.040040 0.062981
0 0.200680 0.099616 0.040040 0.062987
0 0.268070 0.103469 0.040040 0.062981
0 0.336430 0.102187 0.040040 0.062986
0 0.407715 0.099616 0.040030 0.062987
0 0.476070 0.098329 0.040040 0.062982
0 0.545410 0.098329 0.040040 0.062982
0 0.065918 0.098974 0.040040 0.064272
0 0.408695 0.812340 0.041990 0.043700
0 0.476560 0.811695 0.044920 0.042410
0 0.547365 0.811695 0.043950 0.042410
0 0.615235 0.811050 0.044930 0.043700
0 0.684570 0.809125 0.044920 0.042410
0 0.751950 0.807195 0.044920 0.041130
0 0.614750 0.686375 0.040040 0.064270
0 0.614750 0.509640 0.040040 0.062980
0 0.614750 0.330335 0.040040 0.064270
0 0.685060 0.329050 0.040040 0.064260
0 0.685060 0.510285 0.040040 0.064270
0 0.683105 0.685730 0.040030 0.062980
0 0.685060 0.908740 0.040040 0.064260
0 0.752440 0.904885 0.040040 0.056550
0 0.754395 0.726865 0.043950 0.039850
0 0.754395 0.642030 0.043950 0.039840
0 0.754395 0.553340 0.043950 0.039840
0 0.754880 0.465940 0.044920 0.039840
0 0.754880 0.375965 0.044920 0.039850
0 0.616215 0.098327 0.042970 0.060407
0 0.684570 0.098327 0.042960 0.060407
0 0.852050 0.498715 0.049800 0.061690
0 0.849120 0.662595 0.049800 0.060410
0 0.837890 0.839975 0.058600 0.034710
1 0.979000 0.632390 0.040040 0.051420
