0 0.772990 0.902345 0.097700 0.060550
0 0.576440 0.133300 0.095400 0.038080
0 0.575865 0.076172 0.094250 0.037110
0 0.770115 0.147465 0.094250 0.019530
0 0.783335 0.111815 0.120690 0.041990
0 0.770690 0.075684 0.093100 0.018555
0 0.771265 0.566895 0.094250 0.018550
0 0.771265 0.530275 0.094250 0.037110
0 0.771265 0.493655 0.094250 0.018550
0 0.771840 0.415040 0.095400 0.035160
0 0.770115 0.336425 0.094250 0.018550
0 0.770115 0.300780 0.094250 0.039060
0 0.770690 0.264160 0.095400 0.018560
0 0.591380 0.555175 0.088500 0.036130
0 0.591380 0.506835 0.088500 0.035150
0 0.591380 0.415040 0.088500 0.035160
0 0.591380 0.325685 0.088500 0.036130
0 0.591380 0.275880 0.088500 0.036140
0 0.771840 0.721680 0.095400 0.039060
0 0.771265 0.756835 0.094250 0.019530
0 0.771265 0.685550 0.094250 0.017580
0 0.578735 0.771975 0.093110 0.038090
0 0.578735 0.715335 0.093110 0.036130
0 0.595405 0.903320 0.091950 0.062500
0 0.416665 0.901855 0.088510 0.061530
0 0.244830 0.902340 0.085060 0.062500
0 0.394255 0.779785 0.089650 0.018550
0 0.393105 0.743650 0.089650 0.040040
0 0.393680 0.706545 0.090800 0.018550
0 0.240805 0.755855 0.088510 0.019530
0 0.251725 0.719725 0.108050 0.037110
0 0.241380 0.684080 0.087360 0.018560
0 0.416090 0.553710 0.085060 0.035160
0 0.415515 0.505370 0.086210 0.036140
0 0.240805 0.558105 0.083910 0.014650
0 0.241380 0.529300 0.082760 0.029300
0 0.241955 0.500975 0.083910 0.013670
0 0.416090 0.415040 0.085060 0.035160
0 0.241380 0.415040 0.082760 0.035160
0 0.416090 0.324220 0.085060 0.035160
0 0.416665 0.275880 0.086210 0.034180
0 0.240230 0.328615 0.082760 0.014650
0 0.240805 0.300780 0.083910 0.029300
0 0.241380 0.271975 0.082760 0.014650
0 0.393680 0.141605 0.088500 0.019530
0 0.393105 0.104002 0.089650 0.040036
0 0.393680 0.067383 0.088500 0.021484
0 0.240805 0.146485 0.086210 0.019530
0 0.249425 0.111328 0.103450 0.039063
0 0.240805 0.075195 0.086210 0.019531
0 0.954595 0.722655 0.083910 0.037110
0 0.952295 0.416990 0.083910 0.046880
0 0.952295 0.300780 0.083910 0.072260
0 0.954020 0.755860 0.085060 0.017580
0 0.954020 0.686520 0.085060 0.017580
0 0.045402 0.718265 0.081609 0.065430
0 0.047701 0.109864 0.081609 0.065432
1 0.954025 0.894045 0.089650 0.053710
