0 0.349000 0.071777 0.098000 0.036133
0 0.349000 0.166990 0.098000 0.035160
0 0.347000 0.262205 0.098000 0.036130
0 0.350000 0.919435 0.096000 0.036130
0 0.349000 0.823240 0.098000 0.035160
0 0.347000 0.727540 0.098000 0.035160
0 0.349000 0.590820 0.098000 0.035160
0 0.350000 0.494630 0.096000 0.036140
0 0.346000 0.398440 0.096000 0.035160
0 0.595000 0.922855 0.118000 0.037110
0 0.596000 0.825195 0.120000 0.037110
0 0.596000 0.728515 0.120000 0.037110
0 0.600000 0.592775 0.120000 0.037110
0 0.598000 0.495605 0.120000 0.038090
0 0.599000 0.398435 0.118000 0.037110
0 0.598000 0.263675 0.120000 0.037110
0 0.596000 0.164065 0.120000 0.037110
0 0.596000 0.071289 0.120000 0.037110
1 0.866000 0.499510 0.244000 0.063480
