0 0.855960 0.916370 0.061520 0.040620
0 0.855470 0.802270 0.062500 0.041820
0 0.855470 0.686975 0.062500 0.043010
0 0.710450 0.917565 0.088860 0.052570
0 0.710935 0.803465 0.087890 0.051370
0 0.709965 0.688175 0.087890 0.052570
0 0.855470 0.572280 0.062500 0.040620
0 0.855960 0.457585 0.063480 0.043010
0 0.709475 0.571685 0.088870 0.053770
0 0.709475 0.456990 0.088870 0.053760
0 0.852050 0.246715 0.063480 0.041810
0 0.702635 0.245520 0.088870 0.048980
0 0.702150 0.171445 0.089840 0.048990
0 0.545410 0.805260 0.081060 0.050180
0 0.545900 0.919950 0.080080 0.050180
0 0.396485 0.922940 0.078130 0.041820
0 0.396485 0.807050 0.078130 0.041820
0 0.544920 0.688170 0.078120 0.050180
0 0.544920 0.572880 0.078120 0.048980
0 0.544920 0.456390 0.080080 0.050180
0 0.395995 0.692355 0.077150 0.041810
0 0.395995 0.577065 0.077150 0.043010
0 0.396485 0.461175 0.076170 0.043010
0 0.536130 0.245520 0.083980 0.048980
0 0.535640 0.172040 0.084960 0.050180
0 0.381350 0.240140 0.075200 0.040620
0 0.380860 0.189365 0.076180 0.044210
0 0.154300 0.212065 0.039060 0.046590
