0 0.237305 0.224260 0.111330 0.098220
0 0.236325 0.405920 0.111330 0.097040
0 0.228515 0.677515 0.111330 0.098230
0 0.238770 0.049112 0.112300 0.084023
0 0.227055 0.918935 0.116210 0.093490
0 0.509275 0.406510 0.157230 0.098220
0 0.509275 0.219525 0.157230 0.098230
0 0.512205 0.047929 0.157230 0.084024
0 0.502440 0.674555 0.157220 0.099410
0 0.505860 0.920710 0.158200 0.099400
0 0.761720 0.406510 0.125000 0.105320
0 0.761720 0.225445 0.125000 0.105330
0 0.761720 0.050296 0.125000 0.088758
0 0.758790 0.910055 0.125000 0.106510
1 0.796385 0.681655 0.231450 0.222490
