0 0.819340 0.445315 0.062500 0.031250
0 0.709960 0.225260 0.097660 0.070320
0 0.817870 0.211585 0.063480 0.042970
0 0.817870 0.308595 0.063480 0.041670
0 0.818850 0.397135 0.063480 0.031250
1 0.923830 0.309245 0.083980 0.055990
0 0.818850 0.602865 0.063480 0.031250
0 0.343265 0.226565 0.059570 0.067710
0 0.458005 0.225915 0.064450 0.069010
0 0.343265 0.362630 0.059570 0.022140
0 0.343750 0.406250 0.060540 0.039060
0 0.343265 0.449870 0.059570 0.022140
0 0.459470 0.362630 0.063480 0.022140
0 0.459470 0.406250 0.063480 0.036460
0 0.459470 0.449870 0.063480 0.022140
0 0.344725 0.586585 0.058590 0.069010
0 0.458985 0.587240 0.064450 0.070320
0 0.589355 0.586585 0.092770 0.069010
0 0.708985 0.586585 0.091790 0.069010
0 0.819340 0.554035 0.062500 0.032550
0 0.588380 0.225915 0.094720 0.069010
0 0.562010 0.425130 0.073240 0.040360
0 0.687990 0.424480 0.073240 0.041660
0 0.566895 0.466145 0.077150 0.015630
0 0.567385 0.371095 0.078130 0.028650
0 0.691410 0.371745 0.074220 0.029950
0 0.691405 0.466145 0.076170 0.015630
0 0.499515 0.802085 0.059570 0.044270
0 0.613765 0.802735 0.053710 0.053390
0 0.377930 0.804685 0.058600 0.044270
0 0.735350 0.800780 0.056640 0.049480
0 0.485350 0.042969 0.060540 0.067708
0 0.375975 0.063802 0.058590 0.031250
0 0.375000 0.020833 0.058600 0.031250
0 0.597655 0.042969 0.060550 0.067708
