0 0.212315 0.064941 0.157970 0.049805
0 0.208700 0.174315 0.159420 0.049810
0 0.207250 0.286620 0.159420 0.049800
0 0.507970 0.284180 0.178260 0.052740
0 0.510870 0.176265 0.178260 0.053710
0 0.512320 0.062500 0.178260 0.052734
0 0.204350 0.392580 0.162320 0.050780
0 0.204350 0.509770 0.162320 0.050780
0 0.200000 0.618160 0.162320 0.050780
0 0.201450 0.731445 0.162320 0.050790
0 0.200000 0.840820 0.162320 0.050780
0 0.201450 0.946290 0.162320 0.050780
0 0.502170 0.945805 0.181160 0.053710
0 0.500720 0.839355 0.181160 0.053710
0 0.503620 0.729980 0.181160 0.053720
0 0.502170 0.618655 0.181160 0.053710
0 0.503620 0.509275 0.181160 0.053710
0 0.505070 0.393065 0.181160 0.053710
1 0.894200 0.631835 0.200000 0.058590
0 0.747830 0.629885 0.081160 0.060550
