0 0.219235 0.121352 0.088870 0.067637
0 0.211915 0.314990 0.087890 0.067640
0 0.209965 0.517900 0.087890 0.067640
0 0.212895 0.716840 0.087890 0.067640
0 0.215825 0.913130 0.087890 0.067640
0 0.388180 0.722815 0.102540 0.074270
0 0.391600 0.917775 0.103520 0.074270
0 0.386720 0.518565 0.103520 0.074270
0 0.387695 0.316310 0.103510 0.075600
0 0.393070 0.119364 0.102540 0.074272
0 0.585940 0.120687 0.103520 0.074266
0 0.587400 0.314325 0.106440 0.074270
0 0.585445 0.518565 0.110350 0.074270
0 0.585935 0.724135 0.111330 0.074270
0 0.585445 0.921090 0.110350 0.075600
0 0.776365 0.722815 0.111330 0.074270
0 0.778320 0.519230 0.111320 0.075600
0 0.777835 0.316975 0.110350 0.074270
0 0.775390 0.122015 0.111320 0.074269
