0 0.381345 0.274740 0.104490 0.078120
0 0.381350 0.416015 0.102540 0.079430
0 0.381350 0.563150 0.102540 0.079420
0 0.380370 0.707685 0.102540 0.079430
0 0.381350 0.850910 0.102540 0.079420
0 0.554200 0.847005 0.102540 0.079430
0 0.558110 0.705075 0.102540 0.079430
0 0.555180 0.563150 0.102540 0.079420
0 0.556150 0.418620 0.102540 0.079420
0 0.558110 0.274090 0.102540 0.079420
0 0.735840 0.276695 0.102540 0.079430
0 0.734860 0.416015 0.102540 0.079430
0 0.732910 0.561850 0.102540 0.079420
0 0.732910 0.701175 0.102540 0.079430
0 0.886715 0.702475 0.093750 0.061190
0 0.887695 0.559900 0.093750 0.062500
0 0.886715 0.416670 0.093750 0.062500
0 0.886715 0.272140 0.093750 0.062500
0 0.369140 0.082031 0.060540 0.049478
0 0.511230 0.083334 0.067380 0.044272
