0 0.540525 0.114215 0.088870 0.073529
0 0.543945 0.306375 0.089850 0.073530
0 0.543945 0.498525 0.089850 0.073530
0 0.541505 0.688235 0.088870 0.074510
0 0.542970 0.883825 0.089840 0.073530
0 0.700195 0.499510 0.089850 0.073520
0 0.701170 0.312255 0.089840 0.073530
0 0.700195 0.113235 0.089850 0.073529
0 0.697755 0.693625 0.088870 0.073530
0 0.696775 0.886765 0.088870 0.073530
0 0.354980 0.879415 0.053720 0.066670
0 0.355465 0.686275 0.054690 0.066670
0 0.357910 0.499020 0.053720 0.066660
0 0.360355 0.309805 0.054690 0.066670
0 0.359865 0.118627 0.053710 0.066666
0 0.908200 0.307355 0.101560 0.081370
0 0.905765 0.689705 0.104490 0.081370
0 0.904785 0.885785 0.102530 0.081370
0 0.905760 0.500980 0.086920 0.078440
0 0.909180 0.113235 0.101560 0.077450
0 0.093264 0.138237 0.032232 0.109807
0 0.219240 0.136276 0.040040 0.113728
0 0.218260 0.379410 0.040040 0.113720
0 0.216310 0.865685 0.040040 0.113730
0 0.092286 0.379900 0.032228 0.114700
0 0.090823 0.861765 0.031255 0.115690
0 0.092286 0.638235 0.032228 0.115690
0 0.217285 0.621570 0.040030 0.113720
