0 0.122555 0.263355 0.036130 0.058930
0 0.125000 0.342545 0.035160 0.058930
0 0.125975 0.465010 0.037110 0.053400
0 0.125975 0.543275 0.037110 0.055250
0 0.129395 0.663905 0.038090 0.053410
0 0.130370 0.738490 0.038080 0.055240
0 0.196290 0.264275 0.035160 0.057090
0 0.199220 0.340700 0.035160 0.055240
0 0.198240 0.463165 0.035160 0.057090
0 0.200195 0.543275 0.035150 0.055250
0 0.201660 0.664825 0.034180 0.055250
0 0.202150 0.742175 0.035160 0.055250
0 0.275390 0.739415 0.035160 0.057090
0 0.274415 0.667585 0.035150 0.057090
0 0.275390 0.542355 0.035160 0.057090
0 0.273440 0.464085 0.035160 0.055250
0 0.273440 0.343465 0.035160 0.057090
0 0.274415 0.262435 0.035150 0.057090
0 0.346680 0.265195 0.035160 0.055250
0 0.346680 0.344385 0.035160 0.055250
0 0.348630 0.465930 0.035160 0.055240
0 0.348630 0.545120 0.035160 0.055240
0 0.346680 0.664825 0.035160 0.055250
0 0.347655 0.737565 0.035150 0.057090
0 0.350585 0.904235 0.035150 0.058930
0 0.279300 0.906075 0.035160 0.055250
0 0.274415 0.091162 0.035150 0.060777
0 0.346680 0.093002 0.035160 0.064457
0 0.423830 0.097606 0.035160 0.055248
0 0.498045 0.095764 0.035150 0.062613
0 0.572265 0.100366 0.035150 0.057087
0 0.645510 0.102212 0.035160 0.057095
0 0.421875 0.267955 0.035150 0.057090
0 0.421875 0.344385 0.035150 0.055250
0 0.496095 0.348065 0.035150 0.055250
0 0.496095 0.267955 0.035150 0.057090
0 0.570310 0.266115 0.035160 0.057090
0 0.571290 0.348065 0.035160 0.055250
0 0.422850 0.465005 0.035160 0.057090
0 0.421875 0.546045 0.035150 0.057090
0 0.423830 0.663905 0.035160 0.057090
0 0.422850 0.743095 0.035160 0.057090
0 0.423825 0.905155 0.037110 0.064450
0 0.497070 0.904235 0.037100 0.062610
0 0.496095 0.741255 0.035150 0.057090
0 0.496095 0.666665 0.035150 0.055250
0 0.496095 0.543275 0.035150 0.055250
0 0.497070 0.469615 0.035160 0.055250
0 0.569335 0.906075 0.035150 0.055250
0 0.570310 0.745855 0.035160 0.055250
0 0.570310 0.663905 0.035160 0.057090
0 0.569335 0.545120 0.035150 0.055240
0 0.571290 0.468695 0.035160 0.057090
0 0.712890 0.901475 0.035160 0.057090
0 0.641600 0.906995 0.035160 0.057090
0 0.717775 0.107735 0.035150 0.057090
0 0.796875 0.113258 0.041010 0.057085
0 0.802735 0.113258 0.052730 0.057085
0 0.789550 0.900555 0.040040 0.055250
0 0.718265 0.314915 0.036130 0.103130
0 0.646000 0.310315 0.040040 0.097610
0 0.646485 0.509210 0.041010 0.097600
0 0.643555 0.704420 0.041010 0.097600
0 0.716310 0.703500 0.040040 0.099440
0 0.716795 0.511970 0.041010 0.099440
0 0.797365 0.315840 0.047850 0.093920
0 0.798340 0.511050 0.051760 0.093920
0 0.797360 0.702580 0.051760 0.093920
0 0.052246 0.489870 0.026368 0.047880
0 0.051269 0.373850 0.026367 0.047880
0 0.048340 0.303870 0.026367 0.047880
0 0.053223 0.556170 0.026367 0.047880
0 0.055664 0.670350 0.027344 0.047880
0 0.056152 0.742170 0.026367 0.047880
1 0.960935 0.116020 0.058590 0.073660
1 0.947265 0.895030 0.052730 0.069980
1 0.923830 0.324125 0.107420 0.121550
1 0.921385 0.513815 0.106450 0.121550
1 0.920410 0.699815 0.106440 0.121550
