0 0.118165 0.171500 0.060549 0.032420
0 0.120117 0.128840 0.060546 0.032420
0 0.121095 0.083617 0.060550 0.030717
0 0.117187 0.267920 0.060546 0.030720
0 0.117187 0.313990 0.060546 0.030720
0 0.116209 0.359215 0.060542 0.032430
0 0.115235 0.458190 0.060549 0.032420
0 0.116209 0.500000 0.060542 0.030720
0 0.114257 0.551195 0.060546 0.030710
0 0.115235 0.648465 0.060549 0.030710
0 0.115235 0.692830 0.060549 0.030720
0 0.115235 0.739760 0.060549 0.032420
0 0.227540 0.078498 0.064460 0.030717
0 0.226565 0.123725 0.066410 0.029010
0 0.226565 0.168085 0.066410 0.029010
0 0.225585 0.261090 0.066410 0.037540
0 0.224610 0.310580 0.066400 0.037540
0 0.222655 0.352390 0.066410 0.035840
0 0.223145 0.451365 0.067390 0.035830
0 0.222170 0.499145 0.067380 0.035830
0 0.222655 0.542660 0.066410 0.037540
0 0.223635 0.738055 0.066410 0.035830
0 0.222655 0.690270 0.066410 0.035840
0 0.222170 0.645050 0.067380 0.037540
0 0.224610 0.836180 0.066400 0.037540
0 0.225585 0.883105 0.066410 0.035830
0 0.224610 0.930890 0.066400 0.035840
0 0.331540 0.929180 0.067380 0.035840
0 0.333010 0.883105 0.068360 0.035830
0 0.332030 0.833620 0.068360 0.035840
0 0.331055 0.736350 0.068350 0.035840
0 0.331055 0.691125 0.068350 0.037550
0 0.331540 0.641640 0.067380 0.037540
0 0.331055 0.541810 0.068350 0.035840
0 0.332030 0.495735 0.068360 0.035830
0 0.331055 0.449660 0.068350 0.035840
0 0.332030 0.353240 0.068360 0.037540
0 0.332030 0.305460 0.068360 0.037540
0 0.333010 0.261945 0.068360 0.035830
0 0.334475 0.120310 0.065430 0.032420
0 0.333495 0.162970 0.065430 0.032420
0 0.333495 0.076792 0.065430 0.034130
0 0.440915 0.074232 0.065430 0.032424
0 0.441405 0.116893 0.066410 0.035834
0 0.441895 0.163825 0.067390 0.034130
0 0.441405 0.256825 0.066410 0.035830
0 0.440920 0.304610 0.067380 0.035840
0 0.440920 0.348975 0.067380 0.035830
0 0.441895 0.448805 0.067390 0.034130
0 0.440430 0.493175 0.068360 0.034130
0 0.440430 0.544365 0.068360 0.034130
0 0.440920 0.639935 0.067380 0.034130
0 0.440430 0.686005 0.068360 0.034130
0 0.441895 0.734640 0.067390 0.035840
0 0.440920 0.833620 0.067380 0.035840
0 0.440430 0.881400 0.068360 0.035840
0 0.440430 0.930890 0.068360 0.035840
0 0.551270 0.930035 0.067380 0.034130
0 0.551270 0.882255 0.067380 0.034130
0 0.551270 0.833620 0.067380 0.035840
0 0.550290 0.732085 0.067380 0.034130
0 0.550290 0.687715 0.067380 0.034130
0 0.551270 0.641635 0.067380 0.034130
0 0.551270 0.540100 0.067380 0.035840
0 0.549315 0.492320 0.067390 0.035840
0 0.551270 0.446245 0.067380 0.035830
0 0.551270 0.352390 0.067380 0.035840
0 0.551270 0.302900 0.067380 0.035840
0 0.551270 0.255975 0.067380 0.034130
0 0.551270 0.163825 0.067380 0.034130
0 0.549315 0.120310 0.067390 0.035840
0 0.549315 0.072526 0.067390 0.035836
0 0.658690 0.928325 0.063480 0.034130
0 0.659180 0.880545 0.064460 0.034130
0 0.659180 0.835325 0.064460 0.035830
0 0.658205 0.733785 0.064450 0.034130
0 0.658690 0.688565 0.063480 0.035830
0 0.658205 0.639080 0.064450 0.035840
0 0.657225 0.539245 0.064450 0.034130
0 0.657225 0.495735 0.064450 0.035830
0 0.657225 0.446245 0.064450 0.035830
0 0.656250 0.346415 0.064460 0.034130
0 0.656250 0.302045 0.064460 0.034130
0 0.656250 0.256825 0.064460 0.035830
0 0.655760 0.119455 0.063480 0.034130
0 0.655760 0.071673 0.063480 0.034129
0 0.655275 0.162115 0.064450 0.030710
0 0.780760 0.116896 0.069340 0.042667
0 0.780760 0.063993 0.069340 0.042662
0 0.780765 0.158705 0.071290 0.023890
0 0.783205 0.348125 0.072270 0.023890
0 0.783695 0.537545 0.071290 0.023890
0 0.785645 0.733785 0.071290 0.023890
0 0.781250 0.304610 0.070320 0.042660
0 0.780275 0.246590 0.070310 0.042660
0 0.784180 0.432590 0.070320 0.042660
0 0.784180 0.494030 0.070320 0.042660
0 0.784180 0.683450 0.070320 0.042660
0 0.783205 0.625430 0.070310 0.042660
0 0.786135 0.825085 0.070310 0.042670
0 0.785155 0.877135 0.070310 0.040950
0 0.783695 0.931745 0.071290 0.023890
0 0.116209 0.927475 0.060542 0.032430
0 0.115724 0.864335 0.059572 0.076790
