0 0.317870 0.210900 0.098640 0.073460
0 0.317870 0.384480 0.098640 0.074640
0 0.317385 0.521920 0.099610 0.074640
0 0.315915 0.662915 0.098630 0.077010
0 0.317385 0.802130 0.099610 0.078200
0 0.314455 0.938985 0.099610 0.046210
0 0.513675 0.207350 0.099610 0.078200
0 0.513675 0.383295 0.099610 0.077010
0 0.516115 0.521330 0.098630 0.078200
0 0.515135 0.664690 0.098630 0.078200
0 0.514645 0.941350 0.099610 0.046200
0 0.710935 0.941350 0.099610 0.043840
0 0.892090 0.943130 0.077140 0.037920
0 0.514160 0.806280 0.098640 0.077020
0 0.711425 0.809240 0.098630 0.078200
0 0.711425 0.662915 0.098630 0.077010
0 0.711915 0.521920 0.099610 0.077020
0 0.711425 0.381520 0.098630 0.078200
0 0.710450 0.202610 0.098640 0.078200
0 0.895995 0.206165 0.075190 0.071090
0 0.895995 0.383885 0.075190 0.071090
0 0.895995 0.522515 0.075190 0.071090
0 0.893555 0.810425 0.076170 0.071090
0 0.144045 0.853080 0.030270 0.042660
0 0.142580 0.362560 0.033200 0.042660
0 0.139645 0.580570 0.019530 0.042660
1 0.916505 0.665875 0.124030 0.085310
