0 0.120604 0.142645 0.086912 0.087091
0 0.119631 0.290540 0.086918 0.085580
0 0.120119 0.433935 0.085942 0.087090
0 0.120604 0.583335 0.086912 0.085590
0 0.121093 0.725225 0.085935 0.087090
0 0.120604 0.871620 0.086912 0.085580
0 0.266115 0.142645 0.086910 0.087091
0 0.265135 0.291290 0.086910 0.087080
0 0.266115 0.433935 0.086910 0.087090
0 0.265135 0.581830 0.086910 0.085580
0 0.268065 0.728225 0.086910 0.087090
0 0.265135 0.867865 0.086910 0.087090
0 0.409180 0.867865 0.085940 0.087090
0 0.408200 0.721470 0.085940 0.085580
0 0.406740 0.578830 0.086920 0.085580
0 0.409180 0.433935 0.085940 0.087090
0 0.409180 0.287535 0.085940 0.085590
0 0.411620 0.142645 0.086920 0.087091
0 0.553225 0.141139 0.086910 0.087082
0 0.557130 0.286035 0.086920 0.085590
0 0.552245 0.436935 0.086910 0.087090
0 0.552245 0.580330 0.086910 0.085580
0 0.550295 0.723725 0.086910 0.087090
0 0.550295 0.864865 0.086910 0.087090
0 0.703610 0.084837 0.084960 0.082586
0 0.703610 0.189940 0.084960 0.082580
0 0.703610 0.296550 0.084960 0.082580
0 0.705570 0.401650 0.084960 0.082580
0 0.703610 0.608110 0.084960 0.084080
0 0.704105 0.716965 0.087890 0.091590
0 0.702145 0.820570 0.087890 0.091600
0 0.701175 0.919670 0.087890 0.091600
