0 0.346305 0.423340 0.088390 0.038080
0 0.344985 0.503420 0.088390 0.038080
0 0.349605 0.583010 0.097630 0.035160
0 0.346305 0.661620 0.088390 0.036140
0 0.348945 0.739745 0.088390 0.036130
0 0.356860 0.964355 0.088400 0.036130
0 0.508575 0.966800 0.093670 0.035160
0 0.503955 0.741210 0.092350 0.035160
0 0.503955 0.663085 0.092350 0.035150
0 0.505275 0.583010 0.092350 0.035160
0 0.505275 0.504880 0.092350 0.035160
0 0.505275 0.423830 0.092350 0.035160
0 0.680080 0.584475 0.104220 0.038090
0 0.681400 0.422855 0.104220 0.037110
0 0.352905 0.043945 0.088390 0.019531
0 0.352905 0.073243 0.088390 0.019531
0 0.352905 0.161135 0.088390 0.019530
0 0.351585 0.189455 0.088390 0.019530
0 0.341025 0.266605 0.088390 0.019530
0 0.346965 0.301270 0.100270 0.028320
0 0.341685 0.333985 0.089710 0.019530
0 0.511875 0.042481 0.094990 0.022461
0 0.511875 0.072265 0.094990 0.021485
0 0.511875 0.160155 0.094990 0.021490
0 0.511875 0.189455 0.094990 0.021490
0 0.503955 0.267090 0.094990 0.020500
0 0.503955 0.301270 0.094990 0.026360
0 0.505275 0.334475 0.094990 0.020510
0 0.676120 0.267090 0.096300 0.018560
0 0.676780 0.334965 0.094980 0.019530
0 0.674145 0.300780 0.092350 0.027340
0 0.339050 0.824705 0.073880 0.018550
0 0.341690 0.886720 0.073880 0.017580
0 0.338390 0.854980 0.069920 0.026360
0 0.502635 0.827145 0.092350 0.019530
0 0.501320 0.888675 0.092340 0.019530
0 0.502635 0.857910 0.092350 0.026360
0 0.678760 0.504395 0.104220 0.038090
0 0.689970 0.057617 0.105540 0.048828
0 0.687335 0.174805 0.105550 0.048830
0 0.687995 0.115233 0.104230 0.035154
0 0.096967 0.582515 0.064646 0.059570
0 0.037599 0.434575 0.025066 0.031250
0 0.045514 0.720705 0.025065 0.031250
0 0.833115 0.463865 0.048810 0.117190
0 0.828495 0.704590 0.050130 0.110360
0 0.821900 0.863280 0.042220 0.083980
1 0.926120 0.587405 0.137200 0.053710
1 0.934035 0.150395 0.126650 0.087890
1 0.934035 0.299315 0.126650 0.088870
