0 0.071289 0.114447 0.039062 0.056286
0 0.071289 0.198875 0.039062 0.056290
0 0.070312 0.286115 0.039063 0.054410
0 0.069336 0.422140 0.039062 0.056280
0 0.069824 0.505625 0.040039 0.054410
0 0.069336 0.590995 0.039062 0.056290
0 0.071289 0.896810 0.039062 0.056280
0 0.070801 0.812385 0.040039 0.056290
0 0.070312 0.726080 0.039063 0.056280
0 0.156735 0.892120 0.053710 0.058160
0 0.157225 0.812380 0.052730 0.060040
0 0.156735 0.731710 0.053710 0.060040
0 0.155765 0.588180 0.053710 0.058160
0 0.156735 0.504690 0.053710 0.060040
0 0.155765 0.424015 0.053710 0.060030
0 0.156735 0.277670 0.053710 0.060040
0 0.157715 0.199810 0.053710 0.058160
0 0.158695 0.117260 0.053710 0.058160
0 0.237795 0.115387 0.049810 0.058166
0 0.235840 0.196060 0.049800 0.058160
0 0.235840 0.278610 0.049800 0.058160
0 0.237795 0.424950 0.049810 0.058160
0 0.236815 0.503750 0.049810 0.058160
0 0.235840 0.588180 0.049800 0.058160
0 0.235840 0.732645 0.049800 0.058170
0 0.235840 0.811445 0.049800 0.058170
0 0.236815 0.894000 0.049810 0.058160
0 0.315430 0.893060 0.050780 0.056280
0 0.315430 0.811445 0.050780 0.058170
0 0.313965 0.730770 0.049810 0.058160
0 0.313965 0.586300 0.049810 0.058160
0 0.313965 0.501880 0.049810 0.058160
0 0.314940 0.421200 0.049800 0.058160
0 0.315430 0.274860 0.050780 0.058160
0 0.316895 0.190430 0.049810 0.061920
0 0.317385 0.108819 0.052730 0.060041
0 0.397945 0.107881 0.053710 0.061917
0 0.397945 0.187620 0.053710 0.060040
0 0.396975 0.270170 0.053710 0.060040
0 0.396975 0.416510 0.053710 0.060040
0 0.396975 0.498125 0.053710 0.061910
0 0.395510 0.582550 0.052740 0.061920
0 0.394530 0.729830 0.052740 0.060040
0 0.395510 0.812380 0.052740 0.060040
0 0.396975 0.894935 0.053710 0.060030
0 0.479490 0.897750 0.052740 0.061920
0 0.480465 0.812385 0.054690 0.063790
0 0.479495 0.728895 0.054690 0.061910
0 0.479495 0.581615 0.054690 0.063790
0 0.480465 0.498125 0.054690 0.061910
0 0.566405 0.582550 0.054690 0.061920
0 0.565430 0.727015 0.054680 0.061910
0 0.564455 0.812385 0.054690 0.063790
0 0.564455 0.895875 0.054690 0.061910
0 0.481445 0.413695 0.054690 0.061910
0 0.483395 0.272985 0.054690 0.061910
0 0.483395 0.190430 0.054690 0.061920
0 0.483395 0.106004 0.054690 0.061913
0 0.569335 0.108817 0.054690 0.063787
0 0.568360 0.188555 0.054680 0.061910
0 0.569335 0.272985 0.054690 0.061910
0 0.567385 0.415575 0.054690 0.061910
0 0.567385 0.500000 0.054690 0.061920
0 0.651365 0.108817 0.054690 0.063787
0 0.651365 0.192305 0.054690 0.061910
0 0.653320 0.272985 0.054680 0.061910
0 0.652345 0.417450 0.054690 0.061920
0 0.652345 0.501875 0.054690 0.061910
0 0.651365 0.584425 0.054690 0.061910
0 0.649415 0.728895 0.054690 0.061910
0 0.648435 0.811445 0.054690 0.061910
0 0.649415 0.893995 0.054690 0.061910
0 0.733885 0.112572 0.053710 0.063795
0 0.733885 0.191365 0.053710 0.063790
0 0.734865 0.273925 0.053710 0.063790
0 0.735350 0.413695 0.052740 0.061910
0 0.735350 0.500935 0.052740 0.063790
0 0.734865 0.583485 0.053710 0.063790
0 0.733400 0.894935 0.052740 0.063790
0 0.735840 0.810505 0.053720 0.063790
0 0.734865 0.726075 0.053710 0.063790
0 0.833495 0.201688 0.061530 0.212005
0 0.833495 0.505630 0.061530 0.227020
0 0.832030 0.772045 0.064460 0.136970
0 0.836430 0.923075 0.040040 0.071290
