0 0.333495 0.201830 0.100590 0.069960
0 0.357910 0.045210 0.100580 0.068892
0 0.332520 0.368135 0.100580 0.068890
0 0.335450 0.553285 0.100580 0.068890
0 0.330565 0.734125 0.100590 0.068890
0 0.333495 0.896125 0.100590 0.069970
0 0.872560 0.900965 0.100580 0.068890
0 0.552245 0.901505 0.139650 0.069970
0 0.539060 0.736815 0.113280 0.069970
0 0.540040 0.548975 0.109380 0.068890
0 0.537600 0.369215 0.112300 0.068890
0 0.537600 0.206135 0.112300 0.069970
0 0.871585 0.201295 0.100590 0.068890
0 0.726075 0.901505 0.069330 0.069970
0 0.724610 0.734660 0.068360 0.069960
0 0.724610 0.358450 0.068360 0.071040
0 0.723145 0.200755 0.069330 0.069970
0 0.723145 0.200755 0.069330 0.069970
1 0.829590 0.536595 0.260740 0.130250
1 0.890625 0.352530 0.140630 0.050600
1 0.890625 0.732510 0.134770 0.067820
