0 0.260740 0.102460 0.091800 0.059720
0 0.260745 0.500585 0.093750 0.059710
0 0.260745 0.899295 0.093750 0.060890
0 0.442870 0.903400 0.094720 0.059720
0 0.441895 0.502345 0.094730 0.060890
0 0.443355 0.103630 0.093750 0.059720
0 0.631350 0.105971 0.102540 0.057377
0 0.632325 0.504685 0.100590 0.056210
0 0.635255 0.901640 0.100590 0.056200
0 0.633790 0.731265 0.101560 0.040990
0 0.633790 0.678570 0.101560 0.040980
0 0.631835 0.327285 0.101570 0.040990
0 0.632325 0.278100 0.100590 0.040980
0 0.261230 0.275175 0.094720 0.039810
0 0.260745 0.323185 0.093750 0.039810
0 0.262205 0.672130 0.094730 0.039820
0 0.258785 0.727165 0.093750 0.039810
0 0.440425 0.724825 0.093750 0.039810
0 0.442870 0.674475 0.094720 0.039810
0 0.440915 0.327280 0.098630 0.038640
0 0.442870 0.275760 0.098640 0.038640
1 0.913085 0.502930 0.150390 0.085480
0 0.876955 0.302695 0.218750 0.144030
0 0.877925 0.703165 0.218750 0.144030
0 0.873535 0.103044 0.213870 0.110071
0 0.880860 0.906325 0.214840 0.110070
0 0.790530 0.502930 0.045900 0.087820
