0 0.110842 0.302905 0.041996 0.190870
0 0.110354 0.543565 0.042973 0.190870
0 0.111327 0.767635 0.042966 0.190870
0 0.180175 0.773860 0.043950 0.178420
0 0.179685 0.537345 0.042970 0.186730
0 0.180175 0.298755 0.043950 0.190870
0 0.246095 0.286305 0.035150 0.190870
0 0.246095 0.531120 0.035150 0.190880
0 0.246095 0.765560 0.035150 0.186720
0 0.317875 0.751035 0.047850 0.190870
0 0.317875 0.506225 0.047850 0.190870
0 0.318845 0.261415 0.047850 0.190870
0 0.391605 0.744810 0.048830 0.195020
0 0.391605 0.504150 0.048830 0.195020
0 0.393555 0.255190 0.048830 0.195020
0 0.465820 0.742735 0.048820 0.190870
0 0.466310 0.495850 0.049800 0.195020
0 0.467285 0.251040 0.049810 0.195020
0 0.542970 0.740660 0.050780 0.195020
0 0.543455 0.495850 0.049810 0.195020
0 0.544435 0.246890 0.049810 0.195020
0 0.620115 0.744810 0.052730 0.195020
0 0.622070 0.495850 0.052740 0.195020
0 0.622070 0.246890 0.052740 0.195020
0 0.695805 0.742735 0.047850 0.199170
0 0.696775 0.497925 0.047850 0.199170
0 0.697755 0.244815 0.047850 0.199170
0 0.773435 0.742735 0.048830 0.199170
0 0.773925 0.495850 0.047850 0.203320
0 0.774415 0.246890 0.048830 0.203320
0 0.857420 0.547720 0.046880 0.149380
0 0.858400 0.786305 0.046880 0.128630
0 0.858400 0.309125 0.046880 0.128630
