0 0.672415 0.164060 0.105910 0.035160
0 0.878695 0.295410 0.099750 0.038080
0 0.676105 0.294435 0.103450 0.041990
0 0.673025 0.563965 0.097290 0.040030
0 0.676110 0.474120 0.100980 0.040040
0 0.675490 0.383300 0.102220 0.040040
0 0.878695 0.384280 0.099750 0.040040
0 0.878080 0.474610 0.098520 0.039060
0 0.878695 0.564450 0.099750 0.039060
0 0.878695 0.653325 0.099750 0.037110
0 0.673025 0.653810 0.097290 0.040040
0 0.879310 0.743655 0.100980 0.038090
0 0.879925 0.832520 0.099750 0.038080
0 0.880540 0.922365 0.100980 0.038090
0 0.676105 0.742680 0.103450 0.040040
0 0.676725 0.833010 0.102210 0.039060
0 0.677340 0.922360 0.103440 0.040040
0 0.487070 0.922850 0.102220 0.039060
0 0.487070 0.832520 0.099760 0.038080
0 0.298645 0.922365 0.097290 0.038090
0 0.299260 0.832035 0.096060 0.037110
0 0.486450 0.743165 0.098520 0.037110
0 0.486450 0.654300 0.098520 0.039060
0 0.485835 0.564940 0.099750 0.038080
0 0.485835 0.475585 0.097290 0.039070
0 0.299260 0.743165 0.096060 0.039070
0 0.298645 0.654300 0.094830 0.039060
0 0.298645 0.564455 0.094830 0.037110
0 0.299260 0.475095 0.096060 0.038090
0 0.298030 0.385745 0.096060 0.037110
0 0.297415 0.296875 0.094830 0.039070
0 0.485835 0.386230 0.097290 0.038080
0 0.485835 0.296875 0.097290 0.039070
0 0.475370 0.166505 0.093600 0.032230
0 0.476600 0.125975 0.093600 0.035150
0 0.288795 0.166505 0.094830 0.032230
0 0.288795 0.125975 0.094830 0.031250
