0 0.320630 0.139160 0.176080 0.063480
0 0.321945 0.223145 0.176090 0.063470
0 0.325885 0.419435 0.173450 0.063470
0 0.325885 0.581540 0.173450 0.063480
0 0.325230 0.745605 0.172140 0.063470
0 0.318000 0.946780 0.173460 0.063480
0 0.656375 0.137205 0.180030 0.065430
0 0.658340 0.225095 0.181340 0.065430
0 0.657030 0.417485 0.173460 0.065430
0 0.658345 0.744625 0.173450 0.065430
0 0.655715 0.948735 0.173450 0.065430
0 0.849540 0.135745 0.035480 0.025390
0 0.835745 0.417480 0.034170 0.026360
0 0.817345 0.746095 0.034170 0.025390
1 0.715505 0.581545 0.298290 0.088870
