0 0.201570 0.049805 0.099480 0.035156
0 0.200000 0.138675 0.096340 0.037110
0 0.197905 0.222655 0.096330 0.037110
0 0.361780 0.048828 0.101580 0.033203
0 0.360735 0.136720 0.101570 0.033200
0 0.365445 0.223630 0.102610 0.033200
0 0.538220 0.050293 0.106800 0.036132
0 0.537175 0.137695 0.106810 0.035150
0 0.539265 0.223145 0.106810 0.036130
0 0.715180 0.226560 0.117280 0.039060
0 0.716755 0.137205 0.118330 0.036130
0 0.715185 0.053223 0.119370 0.036133
0 0.194765 0.328610 0.096330 0.045900
0 0.197385 0.416990 0.101570 0.046880
0 0.195810 0.507325 0.100520 0.045890
0 0.197905 0.598630 0.102610 0.044920
0 0.198950 0.702640 0.102620 0.045900
0 0.198425 0.791015 0.101570 0.044930
0 0.201050 0.880860 0.102620 0.044920
0 0.204715 0.966800 0.101570 0.044920
0 0.364400 0.961915 0.102620 0.044930
0 0.364400 0.879880 0.102620 0.044920
0 0.362300 0.791990 0.102620 0.044920
0 0.362300 0.704590 0.108900 0.043940
0 0.362300 0.600095 0.108900 0.043950
0 0.361260 0.509275 0.108900 0.043950
0 0.362300 0.419435 0.108900 0.043950
0 0.360210 0.327635 0.108900 0.043950
0 0.539790 0.326660 0.107860 0.043940
0 0.542405 0.419435 0.113090 0.043950
0 0.540840 0.511230 0.112040 0.045900
0 0.540840 0.597660 0.112040 0.044920
0 0.541885 0.702640 0.112050 0.045900
0 0.542405 0.961430 0.113090 0.045900
0 0.541885 0.877930 0.112050 0.044920
0 0.540315 0.791990 0.113090 0.044920
0 0.708900 0.957520 0.108900 0.038080
0 0.709950 0.873535 0.108900 0.038090
0 0.709950 0.789060 0.108900 0.039060
0 0.710475 0.704105 0.109950 0.042970
0 0.710475 0.600585 0.109950 0.042970
0 0.712565 0.511230 0.109950 0.042000
0 0.716755 0.420895 0.109950 0.042970
0 0.711515 0.329590 0.109950 0.042000
0 0.904185 0.143068 0.101570 0.090824
1 0.917800 0.048340 0.137180 0.061524
1 0.937170 0.241210 0.115180 0.046880
