0 0.374025 0.344985 0.087890 0.063830
0 0.375490 0.465045 0.086920 0.062810
0 0.558105 0.466060 0.094730 0.062820
0 0.555665 0.344480 0.093750 0.062820
0 0.552735 0.198075 0.091790 0.033430
0 0.552735 0.249745 0.091790 0.033430
0 0.740235 0.351065 0.083990 0.057750
0 0.741700 0.471125 0.083000 0.058770
0 0.739255 0.254815 0.082030 0.031410
0 0.738285 0.204155 0.082030 0.031410
0 0.370605 0.249240 0.088870 0.032420
0 0.368165 0.199085 0.087890 0.031410
0 0.274415 0.656535 0.083990 0.054710
0 0.274905 0.763425 0.083010 0.055730
0 0.430665 0.593215 0.095710 0.063830
0 0.428710 0.708715 0.095700 0.063830
0 0.427735 0.825225 0.095710 0.063830
0 0.596680 0.594225 0.095700 0.063830
0 0.595700 0.706685 0.095700 0.063830
0 0.594730 0.826245 0.095700 0.063830
0 0.754395 0.830295 0.094730 0.063830
0 0.754880 0.711755 0.095700 0.063830
0 0.756835 0.596255 0.095710 0.063830
1 0.936035 0.355120 0.114250 0.080040
1 0.941405 0.598785 0.101570 0.062810
1 0.932615 0.825225 0.121090 0.082070
