0 0.099121 0.069223 0.120118 0.060757
0 0.095213 0.329180 0.120114 0.060760
0 0.096191 0.199700 0.120117 0.060760
0 0.095213 0.480580 0.120114 0.060760
0 0.096191 0.630975 0.120117 0.060750
0 0.099121 0.763940 0.120118 0.059760
0 0.101073 0.893925 0.120114 0.060750
0 0.320315 0.890935 0.134770 0.060750
0 0.318360 0.766435 0.134760 0.060750
0 0.317875 0.635955 0.133790 0.060750
0 0.315430 0.484560 0.134760 0.060760
0 0.315430 0.331175 0.134760 0.060750
0 0.317385 0.198705 0.134770 0.060750
0 0.318845 0.070220 0.133790 0.060759
0 0.568845 0.076197 0.149410 0.068727
0 0.567870 0.204680 0.149420 0.068720
0 0.568845 0.332170 0.149410 0.068720
0 0.566895 0.485560 0.149410 0.068720
0 0.569335 0.631970 0.148430 0.068720
0 0.569335 0.764440 0.148430 0.068720
0 0.567380 0.888445 0.148440 0.063750
1 0.863280 0.482070 0.259760 0.123500
