0 0.140480 0.782715 0.054600 0.043950
0 0.140480 0.685545 0.054600 0.037110
0 0.141145 0.604495 0.055930 0.037110
0 0.140480 0.521975 0.054600 0.038090
0 0.141145 0.425295 0.055930 0.043950
0 0.126497 0.937985 0.055925 0.020510
0 0.127163 0.912595 0.054593 0.020510
0 0.257660 0.754885 0.078560 0.037110
0 0.265645 0.601560 0.083890 0.035160
0 0.256325 0.447265 0.078570 0.037110
0 0.422100 0.753420 0.101200 0.045900
0 0.420105 0.450195 0.102530 0.044930
0 0.588550 0.602050 0.098540 0.049800
0 0.107190 0.270510 0.075899 0.033200
0 0.103198 0.113770 0.075904 0.034180
0 0.267645 0.902345 0.079890 0.033210
0 0.267645 0.950195 0.079890 0.033210
0 0.433420 0.899905 0.091880 0.038090
0 0.433420 0.946780 0.091880 0.040040
0 0.579225 0.899905 0.093210 0.038090
0 0.577895 0.946290 0.093210 0.039060
0 0.579230 0.752930 0.082560 0.044920
0 0.578560 0.452145 0.081220 0.042970
0 0.289610 0.271970 0.094540 0.045900
0 0.474700 0.271485 0.113180 0.050790
0 0.297605 0.115233 0.118510 0.046873
0 0.489345 0.117185 0.139810 0.046870
0 0.683090 0.271485 0.138480 0.054690
0 0.703065 0.114747 0.181090 0.055666
0 0.752330 0.900395 0.093200 0.037110
0 0.766310 0.602050 0.115840 0.079100
0 0.776965 0.754390 0.139810 0.102540
0 0.777630 0.447750 0.138480 0.102540
1 0.938080 0.605470 0.110520 0.041020
1 0.919440 0.917970 0.147800 0.068360
1 0.922770 0.150880 0.146480 0.057620
0 0.432755 0.602540 0.122510 0.050780
