0 0.146970 0.136128 0.112300 0.073545
0 0.144045 0.332255 0.112309 0.073550
0 0.143067 0.528385 0.112306 0.073550
0 0.145997 0.715485 0.112306 0.073550
0 0.151369 0.907745 0.113283 0.073550
0 0.374510 0.910325 0.124020 0.076130
0 0.372070 0.718710 0.123040 0.077420
0 0.369140 0.529030 0.123040 0.077420
0 0.372070 0.330320 0.123040 0.077420
0 0.375975 0.139355 0.123050 0.077410
0 0.605960 0.147745 0.118160 0.078710
0 0.603030 0.336125 0.118160 0.078710
0 0.603030 0.527095 0.118160 0.078710
0 0.603515 0.720645 0.117190 0.078710
0 0.602050 0.906455 0.118160 0.078710
1 0.893065 0.441940 0.188470 0.120000
