1 0.872560 0.141569 0.135740 0.092662
0 0.844725 0.314670 0.072270 0.091380
0 0.708010 0.144785 0.074220 0.052770
0 0.707520 0.345560 0.075200 0.050200
0 0.707030 0.283785 0.074220 0.050190
0 0.707030 0.584300 0.074220 0.051480
0 0.844235 0.464605 0.071290 0.090090
0 0.707520 0.465250 0.073240 0.070780
0 0.843750 0.613895 0.072260 0.090090
0 0.843265 0.775420 0.071290 0.088800
0 0.707030 0.644785 0.074220 0.048910
0 0.707030 0.777350 0.074220 0.054060
0 0.574710 0.777350 0.073240 0.054060
0 0.446780 0.777990 0.073240 0.055340
0 0.575680 0.643500 0.073240 0.048900
0 0.447755 0.643500 0.071290 0.046340
0 0.575195 0.583655 0.072270 0.050190
0 0.446775 0.583655 0.071290 0.047610
0 0.574710 0.464605 0.073240 0.072070
0 0.446290 0.465255 0.072260 0.068210
0 0.574220 0.345560 0.072260 0.050200
0 0.574710 0.283785 0.073240 0.050190
0 0.445315 0.344915 0.072270 0.048910
0 0.445315 0.283140 0.072270 0.048900
0 0.573240 0.144145 0.074220 0.056630
0 0.442870 0.144145 0.075200 0.056630
0 0.313475 0.115830 0.029290 0.018020
0 0.313475 0.142860 0.029290 0.018020
0 0.314940 0.169885 0.028320 0.018010
0 0.318360 0.750965 0.029300 0.019310
0 0.318360 0.777990 0.029300 0.019300
0 0.318360 0.803090 0.029300 0.018020
