0 0.049316 0.075862 0.043945 0.033104
0 0.046387 0.128275 0.043945 0.044130
0 0.045410 0.311725 0.043945 0.044130
0 0.045410 0.497930 0.043945 0.044140
0 0.044434 0.683450 0.043945 0.042760
0 0.045899 0.870345 0.042969 0.044130
0 0.045899 0.180690 0.042969 0.033100
0 0.045410 0.259310 0.041992 0.033100
0 0.045899 0.365520 0.042969 0.033100
0 0.044434 0.443450 0.041992 0.031720
0 0.043457 0.551035 0.041992 0.031730
0 0.043457 0.628965 0.041992 0.033110
0 0.045899 0.736550 0.042969 0.033100
0 0.045410 0.815170 0.041992 0.033100
0 0.046387 0.918620 0.041992 0.033100
0 0.143070 0.913795 0.045900 0.031730
0 0.140625 0.813790 0.044930 0.033100
0 0.139160 0.863450 0.047860 0.041380
0 0.138670 0.731035 0.044920 0.033110
0 0.138670 0.630345 0.044920 0.030350
0 0.139160 0.551720 0.045900 0.041380
0 0.138670 0.362070 0.044920 0.042760
0 0.142090 0.180690 0.045900 0.041380
0 0.137695 0.442070 0.044930 0.028960
0 0.139650 0.255860 0.044920 0.028960
0 0.143070 0.076551 0.045900 0.028965
0 0.137695 0.676550 0.048830 0.040000
0 0.136230 0.491720 0.047860 0.040000
0 0.140135 0.307590 0.047850 0.041380
0 0.139645 0.126900 0.048830 0.041380
0 0.219235 0.868275 0.047850 0.034490
0 0.220700 0.924830 0.044920 0.034480
0 0.218260 0.822070 0.043940 0.030340
0 0.216310 0.633105 0.043940 0.030350
0 0.215330 0.444140 0.043940 0.030340
0 0.216310 0.255860 0.043940 0.031720
0 0.220705 0.075173 0.042970 0.037241
0 0.216310 0.684140 0.045900 0.044140
0 0.216310 0.740000 0.043940 0.031720
0 0.215330 0.551725 0.043940 0.033110
0 0.215330 0.497240 0.045900 0.045520
0 0.216310 0.311035 0.045900 0.045510
0 0.217285 0.126210 0.045890 0.045520
0 0.218260 0.180690 0.043940 0.035860
0 0.214840 0.365520 0.044920 0.035860
0 0.302245 0.075172 0.055670 0.031724
0 0.389160 0.075172 0.055660 0.031724
0 0.476075 0.072414 0.055670 0.031724
0 0.562500 0.073793 0.054680 0.031724
0 0.650390 0.072414 0.054680 0.031724
0 0.300290 0.181380 0.055660 0.031720
0 0.387210 0.181380 0.055660 0.031720
0 0.475100 0.180000 0.055660 0.031720
0 0.561035 0.180000 0.055670 0.031720
0 0.652830 0.181380 0.055660 0.031720
0 0.301755 0.261380 0.054690 0.031720
0 0.301270 0.371725 0.055660 0.031730
0 0.388675 0.367585 0.054690 0.031730
0 0.387210 0.260000 0.055660 0.031720
0 0.475585 0.259310 0.054690 0.030340
0 0.475585 0.371725 0.054690 0.031730
0 0.563965 0.372415 0.055670 0.030350
0 0.562010 0.260000 0.055660 0.031720
0 0.652340 0.262760 0.056640 0.034480
0 0.651370 0.372410 0.056640 0.035860
0 0.300290 0.450345 0.057620 0.034490
0 0.300290 0.560690 0.057620 0.034480
0 0.386720 0.451725 0.056640 0.034490
0 0.386720 0.562070 0.056640 0.034480
0 0.475100 0.451725 0.057620 0.034490
0 0.476075 0.563450 0.057610 0.034480
0 0.563480 0.454480 0.056640 0.034480
0 0.566410 0.564830 0.056640 0.034480
0 0.653320 0.453100 0.056640 0.034480
0 0.652830 0.564830 0.057620 0.034480
0 0.745605 0.563450 0.061530 0.034480
0 0.744140 0.454480 0.060540 0.031720
0 0.744630 0.375170 0.061520 0.035860
0 0.743165 0.263450 0.060550 0.035860
0 0.742675 0.180690 0.061530 0.035860
0 0.740720 0.075862 0.061520 0.035862
0 0.301270 0.641380 0.061520 0.035860
0 0.302245 0.749655 0.055670 0.037250
0 0.302730 0.827590 0.056640 0.035860
0 0.303710 0.935170 0.056640 0.035860
0 0.387210 0.642760 0.055660 0.035860
0 0.388670 0.753790 0.056640 0.037240
0 0.390625 0.832410 0.056650 0.037240
0 0.391115 0.937930 0.055670 0.035860
0 0.476075 0.644830 0.055670 0.037240
0 0.477050 0.753100 0.055660 0.035860
0 0.478030 0.833100 0.055660 0.035860
0 0.479490 0.937930 0.056640 0.035860
0 0.567380 0.940690 0.056640 0.035860
0 0.566895 0.834480 0.055670 0.035860
0 0.565430 0.756550 0.056640 0.037240
0 0.564940 0.644830 0.055660 0.037240
0 0.654295 0.644140 0.058590 0.033100
0 0.655275 0.752415 0.058590 0.031730
0 0.654785 0.833100 0.059570 0.035860
0 0.655275 0.937930 0.058590 0.035860
0 0.745115 0.647585 0.058590 0.034490
0 0.745115 0.751035 0.058590 0.034490
0 0.744140 0.830345 0.058600 0.035870
0 0.742185 0.935170 0.058590 0.035860
0 0.301265 0.128280 0.053710 0.038620
0 0.387205 0.126210 0.053710 0.040000
0 0.299805 0.314480 0.054690 0.041380
0 0.386720 0.313790 0.054680 0.040000
0 0.476565 0.125520 0.054690 0.041380
0 0.473635 0.316550 0.054690 0.040000
0 0.563475 0.126900 0.054690 0.041380
0 0.562500 0.314480 0.054680 0.041380
0 0.650390 0.126900 0.054680 0.041380
0 0.653320 0.315860 0.054680 0.041380
0 0.740235 0.128280 0.058590 0.041380
0 0.743655 0.318620 0.059570 0.041380
0 0.744630 0.506900 0.061520 0.042760
0 0.299315 0.503450 0.053710 0.038620
0 0.388185 0.505520 0.053710 0.040000
0 0.476565 0.507590 0.052730 0.038620
0 0.565915 0.508970 0.053710 0.038620
0 0.654785 0.508970 0.053710 0.038620
0 0.655765 0.697930 0.053710 0.038620
0 0.567385 0.697930 0.058590 0.038620
0 0.478515 0.696550 0.058590 0.038620
0 0.387695 0.697930 0.058590 0.038620
0 0.301755 0.692410 0.058590 0.038620
0 0.303710 0.882070 0.058600 0.040000
0 0.391115 0.884140 0.059570 0.038620
0 0.481445 0.886900 0.058590 0.038620
0 0.568360 0.884140 0.058600 0.038620
0 0.654295 0.884140 0.058590 0.038620
0 0.744625 0.883450 0.059570 0.040000
0 0.746095 0.698620 0.058590 0.040000
0 0.844235 0.132414 0.071290 0.137932
0 0.843750 0.314485 0.072260 0.137930
0 0.847655 0.504135 0.072270 0.142070
0 0.845215 0.693795 0.067390 0.143450
0 0.842285 0.870345 0.067390 0.129650
1 0.972655 0.135175 0.052730 0.066210
