0 0.827145 0.505860 0.037110 0.016920
0 0.826170 0.476560 0.039060 0.023440
0 0.827145 0.449220 0.037110 0.015620
0 0.278320 0.061849 0.066400 0.042968
0 0.260745 0.246095 0.070310 0.041670
0 0.261230 0.303385 0.069340 0.041670
0 0.259280 0.451170 0.069340 0.040360
0 0.259280 0.509115 0.069340 0.041670
0 0.258790 0.656250 0.070320 0.041660
0 0.258300 0.716795 0.069340 0.040370
0 0.396485 0.714845 0.066410 0.041670
0 0.395015 0.658855 0.065430 0.041670
0 0.399905 0.303385 0.065430 0.041670
0 0.399415 0.247395 0.066410 0.041670
0 0.399415 0.451825 0.066410 0.041670
0 0.398435 0.506510 0.066410 0.041660
0 0.237795 0.899090 0.065430 0.058600
0 0.370115 0.900390 0.072270 0.058600
0 0.540525 0.717445 0.071290 0.044270
0 0.513185 0.901695 0.071290 0.058590
0 0.540525 0.658205 0.071290 0.045570
0 0.539065 0.507165 0.070310 0.045570
0 0.541505 0.451825 0.071290 0.044270
0 0.541015 0.244795 0.070310 0.044270
0 0.541015 0.302085 0.070310 0.044270
0 0.415530 0.061198 0.067380 0.041666
0 0.830565 0.304685 0.071290 0.041670
0 0.828615 0.247395 0.071290 0.041670
0 0.825685 0.718750 0.071290 0.041660
0 0.825685 0.661455 0.071290 0.041670
0 0.688965 0.277345 0.073250 0.091150
0 0.687010 0.481770 0.073240 0.091140
0 0.687500 0.682940 0.074220 0.089840
1 0.923340 0.476565 0.106440 0.070310
1 0.948240 0.273435 0.097660 0.093750
1 0.948240 0.692705 0.097660 0.093750
