0 0.301755 0.273345 0.072270 0.070370
0 0.300780 0.115019 0.072260 0.070362
0 0.302245 0.488500 0.067390 0.070360
0 0.433105 0.192830 0.069330 0.063600
0 0.435545 0.485790 0.070310 0.062240
0 0.304690 0.883625 0.068360 0.070370
0 0.436520 0.882950 0.068360 0.060900
0 0.577640 0.191475 0.079100 0.066310
0 0.579100 0.485790 0.078120 0.067660
0 0.580565 0.696890 0.077150 0.051420
0 0.436035 0.696885 0.065430 0.048710
0 0.304195 0.695535 0.065430 0.048710
0 0.177245 0.698240 0.055670 0.046000
0 0.579590 0.882950 0.079100 0.063600
0 0.196780 0.112315 0.040040 0.054130
0 0.199220 0.271990 0.041020 0.054120
0 0.175295 0.489850 0.053710 0.070360
0 0.178225 0.884980 0.053710 0.070360
0 0.046386 0.506765 0.036133 0.158330
0 0.049316 0.834235 0.030273 0.128550
0 0.047852 0.677940 0.031250 0.146140
0 0.738770 0.192830 0.090820 0.074420
0 0.737305 0.487145 0.089850 0.073070
0 0.739750 0.884980 0.090820 0.073080
0 0.739255 0.697565 0.093750 0.050070
0 0.869140 0.885660 0.046880 0.055480
0 0.868655 0.713800 0.047850 0.047360
0 0.948245 0.887010 0.025390 0.055480
0 0.949220 0.713125 0.023440 0.046010
