0 0.173340 0.071934 0.112300 0.044812
0 0.171875 0.191625 0.113290 0.043630
0 0.171875 0.315445 0.113290 0.043630
0 0.172360 0.442805 0.114260 0.048350
0 0.172850 0.565445 0.115240 0.048350
0 0.176760 0.689265 0.115240 0.048350
0 0.181640 0.808375 0.115240 0.048350
0 0.183105 0.928655 0.114250 0.048350
0 0.392090 0.072524 0.118160 0.050707
0 0.392575 0.196345 0.123050 0.050710
0 0.393065 0.318395 0.122070 0.051890
0 0.395015 0.445165 0.122070 0.050710
0 0.397460 0.571345 0.123040 0.050710
0 0.398925 0.693985 0.122070 0.050710
0 0.398925 0.815445 0.122070 0.050710
0 0.399415 0.935730 0.123050 0.050700
0 0.645020 0.073701 0.131840 0.057779
0 0.645995 0.197525 0.131830 0.057790
0 0.646970 0.323700 0.131840 0.057780
0 0.646970 0.448700 0.131840 0.057780
0 0.646970 0.572525 0.131840 0.057790
0 0.647460 0.696345 0.132820 0.057790
0 0.647950 0.815450 0.131840 0.057780
0 0.647460 0.936320 0.128900 0.056600
1 0.905760 0.199290 0.174800 0.061320
