0 0.881595 0.449705 0.105510 0.047850
0 0.881010 0.337890 0.104340 0.046880
0 0.881010 0.226070 0.106680 0.045900
0 0.881595 0.124025 0.105510 0.046870
0 0.678785 0.447755 0.105510 0.047850
0 0.678195 0.338865 0.101990 0.046870
0 0.678780 0.225585 0.103160 0.046870
0 0.677020 0.124025 0.104340 0.046870
0 0.882765 0.775875 0.107850 0.047850
0 0.881010 0.663085 0.106680 0.048830
0 0.881010 0.551760 0.106680 0.044920
0 0.677610 0.879885 0.100820 0.048830
0 0.677610 0.774415 0.100820 0.048830
0 0.677610 0.663575 0.100820 0.047850
0 0.677610 0.552735 0.098480 0.048830
0 0.483590 0.880370 0.094960 0.045900
0 0.484175 0.774905 0.093790 0.043950
0 0.485345 0.664065 0.093790 0.042970
0 0.484760 0.554200 0.092620 0.042000
0 0.304220 0.879880 0.092620 0.044920
0 0.303635 0.775395 0.091450 0.042970
0 0.304220 0.664550 0.092620 0.043940
0 0.304220 0.554200 0.092620 0.042000
0 0.116061 0.881835 0.070339 0.042970
0 0.116647 0.776370 0.069167 0.044920
0 0.118408 0.664065 0.070344 0.042970
0 0.118408 0.553715 0.070344 0.042970
0 0.484760 0.448245 0.092620 0.042970
0 0.485345 0.338380 0.093790 0.042000
0 0.485345 0.225095 0.093790 0.041990
0 0.485345 0.122555 0.093790 0.041990
0 0.304805 0.449220 0.093790 0.044920
0 0.305980 0.338870 0.093780 0.044920
0 0.305395 0.225095 0.092610 0.043950
0 0.305395 0.123045 0.092610 0.042970
0 0.119579 0.448730 0.070342 0.043940
0 0.118994 0.338380 0.069172 0.043940
0 0.118993 0.224605 0.071514 0.042970
0 0.118993 0.122070 0.071514 0.041020
