0 0.234865 0.133639 0.081050 0.076222
0 0.236815 0.398880 0.081050 0.076220
0 0.238770 0.603150 0.081060 0.076220
0 0.241700 0.864330 0.081060 0.076220
0 0.372555 0.865345 0.083010 0.080290
0 0.370605 0.607215 0.084970 0.086390
0 0.369630 0.396850 0.084960 0.086380
0 0.368650 0.129571 0.084960 0.086378
0 0.522460 0.129063 0.109380 0.087394
0 0.520995 0.395830 0.110350 0.086380
0 0.522460 0.606200 0.109380 0.086380
0 0.522460 0.869410 0.109380 0.086380
0 0.687990 0.866870 0.124020 0.087400
0 0.688480 0.605690 0.125000 0.093500
0 0.689940 0.397870 0.124020 0.092480
0 0.688965 0.129572 0.124030 0.092477
0 0.152830 0.135670 0.016600 0.043700
0 0.152340 0.395325 0.017580 0.040650
0 0.153320 0.604165 0.017580 0.045730
0 0.156740 0.862295 0.018560 0.045730
