0 0.304200 0.199220 0.063480 0.078120
0 0.305175 0.341800 0.065430 0.076820
0 0.449220 0.199870 0.072260 0.076820
0 0.449220 0.343100 0.072260 0.076820
0 0.306155 0.483075 0.065430 0.078130
0 0.306155 0.625650 0.065430 0.076820
0 0.450195 0.484375 0.072270 0.075530
0 0.450195 0.626300 0.072270 0.078120
0 0.307130 0.764320 0.063480 0.075520
0 0.450685 0.765625 0.071290 0.075530
0 0.590820 0.625650 0.072260 0.076820
0 0.590820 0.766925 0.070320 0.078130
0 0.730470 0.625650 0.072260 0.076820
0 0.729980 0.766275 0.071280 0.076830
0 0.875000 0.622400 0.070320 0.049480
0 0.875490 0.761720 0.069340 0.049480
0 0.875000 0.483725 0.070320 0.048170
0 0.729490 0.343750 0.068360 0.078120
0 0.730955 0.486330 0.071290 0.076820
1 0.896970 0.344400 0.137700 0.079420
0 0.876955 0.203775 0.072270 0.048170
0 0.731445 0.200520 0.072270 0.078120
0 0.590330 0.199870 0.073240 0.079420
0 0.590820 0.343750 0.074220 0.078120
0 0.590820 0.485675 0.074220 0.078130
0 0.189450 0.065757 0.017580 0.076826
0 0.190430 0.203775 0.017580 0.076830
0 0.190920 0.343100 0.016600 0.076820
0 0.192380 0.481770 0.017580 0.075520
0 0.192380 0.617840 0.017580 0.076820
0 0.194335 0.754560 0.017570 0.076820
0 0.306150 0.055338 0.063480 0.079427
0 0.300290 0.956380 0.063480 0.076820
