0 0.370915 0.289065 0.094870 0.042970
0 0.369365 0.376955 0.094870 0.042970
0 0.367805 0.478515 0.094870 0.042970
0 0.365475 0.568850 0.099530 0.045900
0 0.363920 0.684080 0.099540 0.045900
0 0.363920 0.793455 0.096420 0.043950
0 0.150080 0.464845 0.079320 0.064450
0 0.154745 0.320315 0.079310 0.064450
0 0.146190 0.611325 0.077760 0.066410
0 0.145410 0.769040 0.076200 0.028320
0 0.594865 0.288085 0.125970 0.046870
0 0.594865 0.376955 0.125970 0.046870
0 0.596425 0.477050 0.125970 0.045900
0 0.594865 0.568850 0.125970 0.045900
0 0.592535 0.681640 0.124410 0.046880
0 0.590980 0.792970 0.124420 0.046880
0 0.810265 0.477535 0.093310 0.042970
0 0.810265 0.565430 0.093310 0.042960
0 0.808710 0.372555 0.093320 0.041990
0 0.807930 0.294925 0.091760 0.042970
0 0.805600 0.679685 0.093320 0.042970
0 0.622860 0.116701 0.110420 0.041997
0 0.804820 0.119139 0.082420 0.039061
0 0.415245 0.114749 0.068430 0.040043
1 0.823485 0.791505 0.141530 0.041990
