0 0.229005 0.869270 0.116210 0.078100
0 0.230955 0.130730 0.116210 0.078099
0 0.228030 0.373515 0.112300 0.081490
0 0.229005 0.629880 0.112310 0.078100
0 0.376465 0.130730 0.124030 0.078099
0 0.372560 0.869270 0.124020 0.078100
0 0.528320 0.867575 0.136720 0.081490
0 0.533690 0.131580 0.141600 0.079799
0 0.689450 0.130730 0.101560 0.078099
0 0.684570 0.869270 0.101560 0.078100
0 0.361330 0.329370 0.083980 0.091680
0 0.360840 0.612055 0.088860 0.086590
0 0.360350 0.471985 0.085940 0.146010
0 0.522950 0.470290 0.104500 0.142620
0 0.523440 0.325125 0.103520 0.086590
0 0.521970 0.610355 0.102540 0.086590
0 0.702640 0.612055 0.114260 0.086590
0 0.702640 0.327675 0.114260 0.088290
0 0.703610 0.468590 0.114260 0.142620
1 0.943845 0.643465 0.088870 0.067910
1 0.908205 0.478780 0.146490 0.166380
