0 0.505860 0.188155 0.048820 0.032550
0 0.506345 0.273435 0.047850 0.033850
0 0.508300 0.358075 0.049800 0.033850
0 0.507815 0.443360 0.048830 0.035160
0 0.507815 0.595700 0.046870 0.076820
0 0.605955 0.600915 0.055670 0.032550
0 0.605470 0.561850 0.056640 0.022140
0 0.606445 0.639975 0.056650 0.022130
0 0.705565 0.561200 0.055670 0.023440
0 0.705565 0.639975 0.055670 0.022130
0 0.705565 0.600915 0.055670 0.032550
0 0.809085 0.565105 0.059570 0.036450
0 0.809570 0.629560 0.058600 0.037760
0 0.917970 0.634115 0.060540 0.039070
0 0.917480 0.567710 0.061520 0.036460
0 0.917970 0.357425 0.058600 0.032550
0 0.916995 0.440755 0.058590 0.035150
0 0.809570 0.357425 0.058600 0.032550
0 0.809570 0.441405 0.058600 0.033850
0 0.810055 0.272785 0.059570 0.035150
0 0.810055 0.188805 0.059570 0.033850
0 0.918945 0.272135 0.058590 0.033850
0 0.706545 0.188805 0.055670 0.033850
0 0.706545 0.273435 0.055670 0.033850
0 0.706545 0.358075 0.055670 0.033850
0 0.605470 0.188155 0.056640 0.032550
0 0.605470 0.273435 0.056640 0.033850
0 0.605470 0.358075 0.056640 0.033850
0 0.605955 0.442055 0.055670 0.032550
0 0.706545 0.441405 0.055670 0.033850
0 0.427245 0.107420 0.024410 0.076820
0 0.430665 0.261070 0.023430 0.076820
0 0.430665 0.414710 0.023430 0.076820
0 0.505860 0.102864 0.048820 0.033852
0 0.605960 0.101562 0.057620 0.033855
0 0.506350 0.018229 0.051760 0.031250
0 0.706545 0.103514 0.055670 0.035152
0 0.809570 0.103515 0.058600 0.032550
0 0.895505 0.189455 0.013670 0.055990
1 0.947270 0.188150 0.068360 0.058600
