0 0.371895 0.180665 0.111110 0.031250
0 0.371240 0.216310 0.109800 0.032220
0 0.374510 0.842775 0.113720 0.031250
0 0.374510 0.805665 0.111120 0.031250
0 0.376470 0.353515 0.112420 0.042970
0 0.375160 0.457035 0.112420 0.042970
0 0.375815 0.562500 0.111110 0.042960
0 0.375815 0.670410 0.111110 0.043940
0 0.577780 0.349610 0.112420 0.044920
0 0.581700 0.455080 0.112420 0.044920
0 0.581700 0.560550 0.115040 0.044920
0 0.584315 0.668945 0.115030 0.044930
0 0.585620 0.802735 0.120260 0.037110
0 0.585620 0.848145 0.117640 0.038090
0 0.577775 0.214845 0.115030 0.035150
0 0.577125 0.171385 0.113730 0.036130
1 0.821565 0.347655 0.194770 0.052730
1 0.829410 0.657225 0.200000 0.072270
