0 0.380600 0.083010 0.085480 0.041020
0 0.229990 0.223140 0.093620 0.040040
0 0.229990 0.305665 0.093620 0.041010
0 0.229990 0.387695 0.093620 0.041010
0 0.230665 0.471680 0.092270 0.041020
0 0.231340 0.555180 0.093620 0.040040
0 0.229985 0.640625 0.096330 0.041010
0 0.228630 0.722170 0.096340 0.040040
0 0.409090 0.224120 0.101760 0.040040
0 0.408410 0.306150 0.103120 0.040040
0 0.407735 0.388670 0.101770 0.041020
0 0.407735 0.471680 0.101770 0.041020
0 0.409090 0.554690 0.101760 0.041020
0 0.406380 0.640140 0.101760 0.040040
0 0.407735 0.722655 0.101770 0.041010
0 0.607870 0.223630 0.103120 0.041020
0 0.607190 0.305665 0.104480 0.041010
0 0.609230 0.387695 0.103120 0.041010
0 0.609905 0.471680 0.104470 0.041020
0 0.610580 0.554200 0.103120 0.040040
0 0.608550 0.638670 0.104480 0.041020
0 0.608550 0.721680 0.104480 0.041020
0 0.565130 0.085936 0.096340 0.048827
1 0.818180 0.388670 0.143820 0.044920
1 0.818860 0.637210 0.142460 0.045900
