0 0.187985 0.167840 0.098630 0.083040
0 0.190915 0.408770 0.098630 0.083040
0 0.190915 0.642690 0.098630 0.083040
0 0.189450 0.885965 0.097660 0.083050
0 0.344725 0.889470 0.103510 0.083040
0 0.343260 0.648540 0.102540 0.083040
0 0.343260 0.407015 0.102540 0.084210
0 0.343260 0.167840 0.102540 0.083040
0 0.508300 0.168425 0.118160 0.086550
0 0.509280 0.407015 0.118160 0.086550
0 0.509280 0.646785 0.118160 0.086550
0 0.508300 0.885380 0.118160 0.086540
0 0.683595 0.644445 0.117190 0.086550
0 0.687990 0.407015 0.118160 0.086550
0 0.687500 0.166085 0.128900 0.093570
0 0.687500 0.887135 0.128900 0.094730
0 0.836915 0.169005 0.072270 0.080710
0 0.835935 0.408770 0.072270 0.080700
0 0.835935 0.651465 0.072270 0.081870
0 0.833495 0.888885 0.071290 0.081870
0 0.077637 0.168420 0.010742 0.039760
0 0.077637 0.409355 0.010742 0.039770
0 0.078613 0.886550 0.010742 0.039760
0 0.078613 0.645030 0.010742 0.038600
