0 0.244395 0.174805 0.142630 0.060550
0 0.243590 0.309085 0.141020 0.059570
0 0.245195 0.443845 0.141030 0.059570
0 0.244395 0.575685 0.142630 0.059570
0 0.245995 0.707030 0.142630 0.060540
0 0.584935 0.174800 0.160250 0.062500
0 0.583335 0.308590 0.160250 0.062500
0 0.586540 0.440430 0.160260 0.062500
0 0.584935 0.572270 0.160250 0.062500
0 0.586540 0.705080 0.160260 0.062500
0 0.615385 0.925780 0.060890 0.027340
0 0.605770 0.843750 0.067300 0.027340
0 0.741185 0.842770 0.068910 0.029300
0 0.741185 0.925295 0.065710 0.026370
