0 0.646940 0.272950 0.118340 0.030280
0 0.647925 0.346190 0.116370 0.030280
0 0.647925 0.419435 0.116370 0.030270
0 0.647925 0.493165 0.116370 0.029290
0 0.646940 0.565915 0.118340 0.030270
0 0.648915 0.639650 0.118350 0.029300
0 0.647925 0.711425 0.116370 0.030270
0 0.646940 0.812985 0.118340 0.030270
0 0.477315 0.811040 0.090730 0.028320
0 0.479290 0.711915 0.090720 0.027350
0 0.479290 0.638670 0.090720 0.027340
0 0.478305 0.565430 0.088750 0.027340
0 0.479290 0.492190 0.090720 0.027340
0 0.478300 0.419430 0.092700 0.028320
0 0.479290 0.346680 0.090720 0.027340
0 0.479290 0.271485 0.090720 0.027350
0 0.647925 0.141600 0.116370 0.033200
0 0.479290 0.140135 0.090720 0.030270
0 0.274160 0.128905 0.082840 0.031250
0 0.280080 0.810550 0.078900 0.027340
0 0.150890 0.811525 0.037480 0.015630
0 0.192305 0.734860 0.033530 0.016600
0 0.190335 0.666990 0.033530 0.015620
0 0.190335 0.527830 0.033530 0.016600
0 0.190335 0.459470 0.033530 0.016600
0 0.190335 0.390140 0.033530 0.016600
0 0.190335 0.325195 0.033530 0.015630
0 0.294870 0.315915 0.053260 0.026370
0 0.302760 0.252440 0.037480 0.028320
0 0.297830 0.664550 0.051280 0.024420
0 0.297830 0.733885 0.051280 0.024410
0 0.296845 0.594240 0.053250 0.024420
0 0.841225 0.490235 0.116370 0.029290
0 0.839255 0.564940 0.116370 0.028320
0 0.839255 0.417480 0.116370 0.028320
0 0.839255 0.342770 0.116370 0.029300
0 0.841225 0.269530 0.116370 0.029300
0 0.841225 0.118650 0.116370 0.028320
0 0.190335 0.597170 0.033530 0.016600
