0 0.168335 0.118162 0.086910 0.044917
0 0.166835 0.229490 0.085910 0.046880
0 0.344155 0.229980 0.082910 0.047860
0 0.344155 0.119628 0.084910 0.049803
0 0.166835 0.341800 0.085910 0.044920
0 0.166830 0.450195 0.079920 0.046870
0 0.168830 0.558595 0.079920 0.046870
0 0.342655 0.341305 0.085910 0.047850
0 0.343655 0.450685 0.083910 0.049810
0 0.345655 0.559570 0.085910 0.048820
0 0.519980 0.341795 0.086920 0.048830
0 0.519480 0.450685 0.087920 0.049810
0 0.520480 0.558105 0.085920 0.047850
0 0.699800 0.339845 0.092900 0.046870
0 0.699800 0.449220 0.092900 0.046880
0 0.699800 0.556640 0.092900 0.046880
0 0.520480 0.120607 0.085920 0.049807
0 0.519480 0.231445 0.085920 0.050790
0 0.700300 0.119626 0.091900 0.047847
0 0.698805 0.230955 0.090910 0.049810
0 0.877625 0.229490 0.086910 0.046880
0 0.878120 0.338380 0.085920 0.045900
1 0.915585 0.119627 0.148850 0.065426
0 0.877125 0.451660 0.087910 0.053720
0 0.877625 0.557130 0.086910 0.045900
0 0.225275 0.717285 0.078930 0.045890
0 0.222780 0.827640 0.079920 0.045900
0 0.226770 0.937010 0.079920 0.045900
0 0.396605 0.719235 0.091910 0.047850
0 0.396605 0.829590 0.091910 0.047860
0 0.395605 0.937985 0.091910 0.047850
0 0.570925 0.722170 0.090910 0.049800
0 0.568935 0.832520 0.090910 0.049800
0 0.750250 0.718260 0.093900 0.049800
0 0.749750 0.829105 0.092900 0.048830
1 0.966035 0.715820 0.065930 0.066400
0 0.906590 0.716795 0.036960 0.070310
