0 0.340385 0.137210 0.101290 0.040040
0 0.340385 0.195800 0.101290 0.038080
0 0.340385 0.288085 0.101290 0.039070
0 0.341025 0.346680 0.102570 0.039060
0 0.341670 0.436520 0.101280 0.039060
0 0.341670 0.494140 0.101280 0.039060
0 0.539100 0.140135 0.098720 0.038090
0 0.539100 0.195315 0.098720 0.037110
0 0.539745 0.290035 0.097430 0.037110
0 0.539100 0.345705 0.098720 0.037110
0 0.514100 0.440425 0.102560 0.031250
0 0.514740 0.477050 0.101280 0.030280
0 0.514745 0.513675 0.103850 0.031250
0 0.538460 0.586425 0.097440 0.038090
0 0.539105 0.641605 0.096150 0.037110
0 0.539105 0.735840 0.096150 0.038080
0 0.539105 0.790040 0.096150 0.039060
0 0.341670 0.584960 0.101280 0.039060
0 0.341030 0.643070 0.100000 0.040040
0 0.341670 0.735840 0.101280 0.038080
0 0.341030 0.791990 0.100000 0.039060
0 0.737180 0.586425 0.100000 0.038090
0 0.737180 0.640625 0.100000 0.039070
0 0.737180 0.735840 0.100000 0.038080
0 0.737180 0.789550 0.100000 0.038080
0 0.723715 0.448730 0.116670 0.045900
0 0.723715 0.505375 0.116670 0.047850
0 0.737180 0.345700 0.100000 0.039060
0 0.737820 0.291015 0.101280 0.039070
0 0.737820 0.194825 0.101280 0.038090
0 0.737820 0.139160 0.101280 0.040040
0 0.175000 0.925295 0.088460 0.053710
0 0.031410 0.926270 0.055128 0.042000
1 0.938460 0.466800 0.110260 0.095700
0 0.360895 0.923340 0.091030 0.040040
