0 0.059570 0.357025 0.029297 0.027070
0 0.059570 0.395940 0.029297 0.027080
0 0.061035 0.253805 0.030274 0.027070
0 0.061035 0.216585 0.030274 0.027070
0 0.062500 0.076143 0.029296 0.027073
0 0.058593 0.499155 0.029297 0.027070
0 0.059570 0.538070 0.029297 0.027080
0 0.060059 0.637905 0.030273 0.027070
0 0.060547 0.676820 0.029297 0.027080
0 0.061524 0.817260 0.029297 0.027080
0 0.061035 0.778345 0.030274 0.027070
0 0.062500 0.917090 0.029296 0.027080
0 0.062500 0.956005 0.029296 0.027070
0 0.166505 0.087143 0.049810 0.065994
0 0.165525 0.229275 0.049810 0.065990
0 0.165035 0.373095 0.048830 0.065990
0 0.163575 0.516925 0.049810 0.065990
0 0.166505 0.655665 0.049810 0.065990
0 0.164550 0.796105 0.049800 0.065990
0 0.166505 0.934855 0.049810 0.065990
0 0.252440 0.936545 0.049800 0.065990
0 0.249510 0.799495 0.049800 0.065990
0 0.249510 0.653975 0.049800 0.065990
0 0.248535 0.511845 0.049810 0.065990
0 0.249510 0.369715 0.049800 0.065990
0 0.253905 0.227585 0.048830 0.065990
0 0.253905 0.085447 0.048830 0.065987
0 0.342285 0.082064 0.049810 0.065991
0 0.339355 0.225885 0.049810 0.065990
0 0.337400 0.366325 0.049800 0.065990
0 0.336425 0.510155 0.049810 0.065990
0 0.336425 0.655665 0.049810 0.065990
0 0.338380 0.794415 0.049800 0.065990
0 0.339355 0.941625 0.049810 0.065990
0 0.426270 0.941625 0.049800 0.065990
0 0.424805 0.796105 0.048830 0.065990
0 0.426270 0.655665 0.049800 0.065990
0 0.427245 0.510155 0.049810 0.065990
0 0.426270 0.368025 0.049800 0.065990
0 0.428220 0.222505 0.049800 0.065990
0 0.430175 0.085447 0.049810 0.065987
0 0.512205 0.938245 0.049810 0.065990
0 0.512205 0.797805 0.049810 0.065990
0 0.514160 0.655665 0.049800 0.065990
0 0.515135 0.505075 0.049810 0.065990
0 0.516115 0.364635 0.049810 0.065990
0 0.517575 0.220815 0.048830 0.065990
0 0.518555 0.078683 0.048830 0.065995
0 0.603025 0.938245 0.049810 0.065990
0 0.602050 0.796105 0.049800 0.065990
0 0.604005 0.655665 0.049810 0.065990
0 0.604980 0.511845 0.049800 0.065990
0 0.604980 0.361255 0.049800 0.065990
0 0.606935 0.219125 0.049810 0.065990
0 0.607910 0.078683 0.049800 0.065995
0 0.687990 0.933160 0.049800 0.059220
0 0.690430 0.792725 0.048820 0.059230
0 0.689940 0.648900 0.049800 0.059220
0 0.691895 0.505080 0.049810 0.059220
0 0.692870 0.359560 0.049800 0.059220
0 0.693850 0.217430 0.049800 0.059220
0 0.692870 0.076989 0.049800 0.059223
0 0.783205 0.362940 0.048830 0.059220
0 0.779785 0.503380 0.049810 0.059220
0 0.780760 0.647210 0.049800 0.059220
0 0.778810 0.789340 0.049800 0.059220
0 0.779295 0.929780 0.048830 0.059220
0 0.780760 0.082067 0.049800 0.059227
0 0.881345 0.361255 0.077150 0.082910
0 0.880860 0.222505 0.076180 0.076150
0 0.880375 0.085447 0.077150 0.082907
0 0.882815 0.500000 0.076170 0.076140
0 0.880860 0.642135 0.076180 0.082910
0 0.881835 0.784265 0.076170 0.082910
0 0.876955 0.922165 0.076170 0.084610
0 0.979005 0.920475 0.036130 0.040610
0 0.980955 0.783415 0.036130 0.040610
0 0.981935 0.365485 0.036130 0.040610
0 0.981445 0.228425 0.035150 0.040610
0 0.980470 0.093064 0.035160 0.040612
