0 0.166505 0.935955 0.077150 0.049430
0 0.163085 0.737640 0.076170 0.052800
0 0.160645 0.536515 0.075190 0.052810
0 0.163085 0.336515 0.076170 0.052810
0 0.165035 0.142135 0.076170 0.052810
0 0.307615 0.938765 0.082030 0.052810
0 0.303715 0.740450 0.082030 0.051680
0 0.302245 0.535395 0.083010 0.052810
0 0.303715 0.333145 0.082030 0.052810
0 0.308105 0.138200 0.083010 0.051680
0 0.460940 0.135955 0.091800 0.058430
0 0.458500 0.332585 0.090820 0.058430
0 0.458010 0.535955 0.091800 0.058430
0 0.458500 0.737645 0.090820 0.059550
0 0.630860 0.333145 0.091800 0.059550
0 0.630860 0.738765 0.091800 0.059550
0 0.622555 0.534830 0.077150 0.058420
0 0.788575 0.334265 0.067390 0.059550
0 0.791505 0.534265 0.067390 0.059550
0 0.790530 0.738205 0.067380 0.058430
1 0.936525 0.535955 0.117190 0.096630
