0 0.074707 0.076098 0.061525 0.038585
0 0.072756 0.182210 0.061528 0.038580
0 0.070800 0.288315 0.061521 0.038590
0 0.070315 0.398715 0.060551 0.038590
0 0.070800 0.504825 0.061521 0.038590
0 0.070800 0.614150 0.061521 0.038580
0 0.072756 0.719185 0.061528 0.038590
0 0.075686 0.828510 0.061528 0.038580
0 0.080568 0.933015 0.061525 0.037510
0 0.232910 0.075563 0.100580 0.041801
0 0.230955 0.178995 0.100590 0.042870
0 0.229980 0.286175 0.100580 0.042870
0 0.229980 0.394425 0.100580 0.042870
0 0.228025 0.501070 0.100590 0.041800
0 0.230955 0.612005 0.100590 0.042870
0 0.229005 0.719185 0.104490 0.042870
0 0.230465 0.825830 0.105470 0.041800
0 0.233885 0.935695 0.098630 0.042870
0 0.406250 0.934620 0.093740 0.038580
0 0.405765 0.827440 0.092770 0.038580
0 0.404295 0.721330 0.093750 0.038580
0 0.403810 0.610935 0.092780 0.038590
0 0.403810 0.503750 0.092780 0.038580
0 0.405275 0.393355 0.093750 0.038590
0 0.403810 0.287245 0.092780 0.038590
0 0.407225 0.181135 0.093750 0.038590
0 0.407715 0.076098 0.092770 0.038585
0 0.591305 0.077171 0.104490 0.040729
0 0.591305 0.181135 0.104490 0.040730
0 0.591310 0.286710 0.102540 0.043940
0 0.591310 0.391745 0.102540 0.043950
0 0.590820 0.503755 0.103520 0.042870
0 0.590820 0.608255 0.103520 0.043950
0 0.590330 0.717580 0.102540 0.043940
0 0.592775 0.823685 0.103510 0.043950
0 0.589845 0.930335 0.103510 0.042870
0 0.765135 0.931405 0.092770 0.040730
0 0.766115 0.825830 0.092770 0.041800
0 0.766605 0.717580 0.093750 0.041800
0 0.766115 0.610935 0.092770 0.040730
0 0.765625 0.393890 0.093750 0.041800
0 0.765625 0.287780 0.093750 0.041800
0 0.764160 0.183820 0.092780 0.041800
0 0.761715 0.078778 0.093750 0.041800
0 0.920410 0.189175 0.071280 0.037510
0 0.918455 0.087353 0.071290 0.037514
0 0.922365 0.292070 0.071290 0.037520
0 0.922365 0.397640 0.071290 0.036440
0 0.920410 0.930330 0.071280 0.036440
0 0.924805 0.719185 0.070310 0.036450
0 0.926265 0.612005 0.071290 0.036450
1 0.929200 0.499460 0.108400 0.060020
0 0.785645 0.519295 0.055670 0.009650
0 0.785160 0.484460 0.056640 0.012860
0 0.768555 0.500000 0.089850 0.016080
