0 0.091734 0.290035 0.058892 0.031250
0 0.092300 0.844725 0.057760 0.031250
0 0.277465 0.441895 0.095130 0.040030
0 0.276900 0.567870 0.094000 0.040040
0 0.277465 0.690920 0.095130 0.040040
0 0.460930 0.441405 0.101920 0.042970
0 0.462060 0.565920 0.101920 0.043940
0 0.461495 0.691405 0.100790 0.042970
0 0.643830 0.690430 0.112120 0.044920
0 0.643260 0.565920 0.110980 0.043940
0 0.642695 0.441410 0.112110 0.044920
0 0.275765 0.270020 0.096270 0.030280
0 0.276335 0.311035 0.095130 0.030270
0 0.277465 0.864745 0.095130 0.030270
0 0.277465 0.824220 0.095130 0.029300
0 0.459230 0.290040 0.114380 0.072260
0 0.460925 0.841795 0.113250 0.072270
0 0.640430 0.291505 0.109860 0.069330
0 0.639860 0.841795 0.108720 0.070310
0 0.265005 0.072751 0.101930 0.079097
0 0.450740 0.071289 0.099660 0.078123
0 0.097394 0.072753 0.088332 0.092773
0 0.640430 0.081055 0.089460 0.105470
0 0.096830 0.678710 0.021520 0.017580
0 0.096830 0.557130 0.021520 0.018560
0 0.095699 0.431155 0.021522 0.018550
1 0.884480 0.442870 0.126840 0.045900
