0 0.244630 0.787100 0.067380 0.058220
0 0.247070 0.966325 0.068360 0.049090
0 0.243650 0.603310 0.067380 0.058220
0 0.244630 0.417240 0.067380 0.058220
0 0.248535 0.234590 0.067390 0.058220
0 0.252440 0.057648 0.067380 0.058219
0 0.376465 0.234590 0.079110 0.058220
0 0.373535 0.416100 0.079110 0.058220
0 0.372560 0.602170 0.079100 0.058220
0 0.371580 0.789380 0.079100 0.058220
0 0.514160 0.605590 0.079100 0.058220
0 0.514160 0.417240 0.079100 0.058220
0 0.512210 0.789380 0.079100 0.058220
0 0.516110 0.231160 0.079100 0.058220
0 0.657715 0.228880 0.086910 0.055940
0 0.647460 0.603310 0.074220 0.060500
0 0.649410 0.413810 0.074220 0.060500
0 0.653325 0.792235 0.087890 0.054790
0 0.793460 0.232305 0.063480 0.053650
0 0.796385 0.413815 0.063470 0.053650
0 0.794435 0.604455 0.063470 0.053650
0 0.794435 0.792805 0.063470 0.053650
1 0.938965 0.605020 0.118170 0.091320
0 0.076660 0.420660 0.016602 0.055940
0 0.075684 0.602170 0.016601 0.055940
0 0.080566 0.240295 0.016601 0.055930
0 0.085938 0.067922 0.017579 0.055936
0 0.075684 0.784820 0.016601 0.055940
