0 0.249120 0.114745 0.054580 0.020510
0 0.248240 0.188965 0.056340 0.020510
0 0.249120 0.263185 0.054580 0.020510
0 0.246480 0.474125 0.056340 0.020510
0 0.245600 0.551270 0.054580 0.020500
0 0.246480 0.627445 0.056340 0.020510
0 0.246480 0.705565 0.056340 0.020510
0 0.246480 0.782225 0.056340 0.019530
0 0.246480 0.858885 0.056340 0.020510
0 0.246480 0.936035 0.056340 0.020510
0 0.364435 0.115725 0.091550 0.024410
0 0.364435 0.189940 0.091550 0.024420
0 0.364435 0.265135 0.091550 0.024410
0 0.364435 0.475095 0.091550 0.024410
0 0.364435 0.553225 0.091550 0.024410
0 0.364435 0.631345 0.091550 0.024410
0 0.362675 0.707520 0.091550 0.024420
0 0.366195 0.786135 0.091550 0.025390
0 0.362675 0.862795 0.091550 0.024410
0 0.370600 0.360350 0.079220 0.029300
0 0.488555 0.361815 0.079230 0.030270
0 0.251760 0.360355 0.080980 0.031250
0 0.485915 0.115725 0.056330 0.020510
0 0.485915 0.188965 0.056330 0.020510
0 0.486800 0.263670 0.058100 0.021480
0 0.489440 0.552245 0.056340 0.020510
0 0.489440 0.629395 0.056340 0.020510
0 0.489440 0.706545 0.056340 0.020510
0 0.489440 0.783695 0.056340 0.020510
0 0.489440 0.860350 0.056340 0.021480
0 0.489440 0.475585 0.056340 0.021490
0 0.111797 0.631835 0.072186 0.009770
0 0.114437 0.492185 0.070425 0.013670
0 0.112677 0.770505 0.073946 0.009770
