0 0.165040 0.371070 0.089840 0.066040
0 0.165040 0.156445 0.089840 0.067610
0 0.164550 0.628930 0.088860 0.066040
0 0.164060 0.844340 0.089840 0.066040
0 0.294925 0.627360 0.111330 0.066040
0 0.296875 0.370285 0.111330 0.067610
0 0.295895 0.151730 0.111330 0.073900
0 0.299315 0.854555 0.110350 0.067610
0 0.437010 0.628145 0.112300 0.070750
0 0.432620 0.844340 0.113280 0.081760
0 0.438475 0.156445 0.105470 0.092770
0 0.437010 0.375000 0.112300 0.083340
0 0.592775 0.154875 0.123050 0.077050
0 0.588865 0.848270 0.123050 0.077040
0 0.597170 0.632865 0.108400 0.092770
0 0.604000 0.372640 0.108400 0.094340
0 0.735840 0.158015 0.098640 0.067610
0 0.733885 0.842770 0.100590 0.081760
0 0.742185 0.373425 0.093750 0.083330
1 0.923340 0.500000 0.131840 0.138360
0 0.082032 0.826260 0.011719 0.017300
0 0.081543 0.864780 0.010742 0.015720
0 0.082519 0.137580 0.010743 0.017300
0 0.082032 0.174530 0.011719 0.015720
0 0.081543 0.499215 0.026368 0.042450
