0 0.294565 0.141600 0.103570 0.044920
0 0.296265 0.246090 0.103570 0.044920
0 0.292870 0.355470 0.103560 0.044920
0 0.294565 0.470700 0.103570 0.044920
0 0.294565 0.518065 0.103570 0.043950
0 0.292870 0.631350 0.103560 0.043940
0 0.292870 0.745120 0.103560 0.044920
0 0.292870 0.854980 0.103560 0.043940
0 0.553480 0.141605 0.125640 0.042970
0 0.554330 0.245115 0.123940 0.042970
0 0.555180 0.355465 0.125640 0.042970
0 0.550935 0.516115 0.113750 0.041990
0 0.550935 0.467770 0.113750 0.039060
0 0.556875 0.632815 0.125630 0.042970
0 0.556030 0.746580 0.123940 0.043940
0 0.558575 0.855465 0.125630 0.042970
0 0.806450 0.142575 0.112060 0.042970
0 0.807300 0.246580 0.110360 0.043940
0 0.809850 0.354980 0.108660 0.043940
0 0.815790 0.630860 0.106960 0.042960
0 0.819185 0.743165 0.106970 0.042970
0 0.820035 0.853025 0.112050 0.043950
1 0.825130 0.491210 0.227500 0.085940
