0 0.096681 0.221280 0.046878 0.125000
0 0.097166 0.761820 0.047848 0.125000
0 0.095703 0.493245 0.046874 0.155410
0 0.172360 0.224660 0.040040 0.125000
0 0.171390 0.765200 0.040040 0.125000
0 0.172360 0.494930 0.040040 0.158780
0 0.269530 0.219595 0.046880 0.141890
0 0.269530 0.763515 0.046880 0.141890
0 0.269530 0.494930 0.046880 0.158780
0 0.356935 0.216220 0.059570 0.128380
0 0.355470 0.768580 0.058600 0.131760
0 0.356445 0.493240 0.056650 0.162160
0 0.448735 0.494930 0.065430 0.158780
0 0.445800 0.775340 0.057620 0.125000
0 0.447755 0.221280 0.057610 0.125000
0 0.540525 0.782095 0.047850 0.131750
0 0.543945 0.214530 0.046870 0.131760
0 0.630375 0.777030 0.053710 0.121620
0 0.632815 0.224660 0.054690 0.125000
0 0.634280 0.501690 0.061520 0.165540
0 0.728025 0.500000 0.053710 0.162160
0 0.726075 0.777030 0.053710 0.128380
0 0.729980 0.221285 0.053720 0.118250
0 0.833010 0.562500 0.052740 0.361480
0 0.832035 0.820945 0.054690 0.054050
0 0.541990 0.500000 0.044920 0.229720
