0 0.871005 0.629395 0.090910 0.036130
0 0.703320 0.627440 0.087220 0.034180
0 0.540540 0.626465 0.081080 0.034170
0 0.388205 0.625980 0.076170 0.033200
0 0.705775 0.380370 0.077390 0.032220
0 0.705775 0.311035 0.077390 0.032230
0 0.874080 0.311520 0.092140 0.033200
0 0.874080 0.240725 0.089680 0.032230
0 0.874695 0.171385 0.090910 0.032230
0 0.709460 0.240725 0.084760 0.032230
0 0.709460 0.170410 0.084760 0.032220
0 0.873465 0.381345 0.090910 0.032230
0 0.872850 0.520510 0.089680 0.033200
0 0.873465 0.450685 0.090910 0.032230
0 0.707620 0.520020 0.081080 0.032220
0 0.707620 0.450685 0.081080 0.032230
0 0.545455 0.520020 0.081090 0.032220
0 0.544840 0.449705 0.079860 0.032230
0 0.544840 0.379885 0.079860 0.031250
0 0.393735 0.519530 0.074930 0.033200
0 0.394350 0.450195 0.076160 0.031250
0 0.394350 0.380370 0.076160 0.032220
0 0.545455 0.310060 0.081090 0.032220
0 0.546065 0.240235 0.082310 0.031250
0 0.546070 0.170410 0.079860 0.032220
0 0.394965 0.310060 0.077390 0.032220
0 0.393735 0.240235 0.077390 0.031250
0 0.393735 0.170410 0.077390 0.032220
0 0.420760 0.075195 0.077400 0.031250
0 0.578625 0.076660 0.085990 0.032226
0 0.745085 0.077149 0.082310 0.035157
0 0.900490 0.079101 0.076160 0.029297
0 0.703935 0.711425 0.088450 0.008790
0 0.869780 0.711910 0.095820 0.011720
