0 0.309695 0.112307 0.100610 0.044926
0 0.308485 0.224610 0.100610 0.044920
0 0.309695 0.338380 0.100610 0.045900
0 0.309695 0.453125 0.100610 0.044930
0 0.309695 0.565430 0.100610 0.044920
0 0.312120 0.685550 0.100600 0.044920
0 0.314545 0.799805 0.100610 0.044930
0 0.318180 0.905270 0.100600 0.044920
0 0.498785 0.907715 0.100610 0.045890
0 0.498785 0.799805 0.100610 0.044930
0 0.497575 0.685550 0.100610 0.044920
0 0.497575 0.567380 0.100610 0.044920
0 0.497575 0.450195 0.100610 0.044930
0 0.498785 0.333985 0.100610 0.044930
0 0.498785 0.223630 0.100610 0.044920
0 0.498785 0.110351 0.100610 0.044919
0 0.686670 0.114745 0.107880 0.047850
0 0.686060 0.222165 0.106660 0.047850
0 0.686060 0.335450 0.106660 0.047860
0 0.688485 0.450685 0.106670 0.047850
0 0.681210 0.563475 0.089700 0.035150
0 0.679395 0.683105 0.093330 0.047850
0 0.674545 0.797850 0.093330 0.035160
0 0.681210 0.903320 0.104240 0.033200
0 0.130910 0.341795 0.077579 0.058590
0 0.133938 0.127932 0.078785 0.058597
0 0.132123 0.461915 0.075155 0.058590
0 0.136970 0.624510 0.072720 0.057620
0 0.143030 0.801270 0.072720 0.057620
0 0.146665 0.903320 0.065450 0.058600
