0 0.202635 0.175950 0.081050 0.079180
0 0.202635 0.502200 0.081050 0.077720
0 0.202635 0.825510 0.081050 0.079180
0 0.330565 0.826980 0.077150 0.093840
0 0.330565 0.501470 0.077150 0.093840
0 0.333495 0.174490 0.077150 0.093840
0 0.467770 0.174490 0.085940 0.093840
0 0.469240 0.498530 0.086920 0.093840
0 0.466800 0.821115 0.085940 0.093850
0 0.609375 0.825515 0.099610 0.105570
0 0.607425 0.497065 0.099610 0.105570
0 0.608890 0.173020 0.102540 0.096780
0 0.751465 0.503665 0.088870 0.130490
0 0.751465 0.821115 0.088870 0.129030
0 0.751465 0.173750 0.088870 0.130500
1 0.944335 0.504400 0.107430 0.173020
