0 0.243715 0.073733 0.145730 0.065434
0 0.235675 0.230955 0.149750 0.069330
0 0.231155 0.399410 0.148750 0.068360
0 0.227635 0.565920 0.153770 0.073240
0 0.226635 0.729980 0.153770 0.073240
0 0.231155 0.891605 0.152770 0.070310
0 0.517085 0.072754 0.163810 0.065431
0 0.514070 0.234865 0.163820 0.071290
0 0.512060 0.404300 0.165820 0.074220
0 0.512060 0.566895 0.165820 0.073250
0 0.511560 0.733890 0.160800 0.073240
0 0.510050 0.895995 0.155780 0.069330
1 0.872860 0.560545 0.232160 0.103510
1 0.869345 0.031738 0.235170 0.053711
