0 0.171875 0.871015 0.115230 0.061030
0 0.187500 0.686545 0.115240 0.061030
0 0.189940 0.576975 0.112300 0.058250
0 0.192380 0.471565 0.113280 0.058250
0 0.196290 0.360610 0.113280 0.058260
0 0.196290 0.255895 0.113280 0.056870
0 0.187500 0.043690 0.115240 0.056865
0 0.392090 0.871710 0.124020 0.059640
0 0.402340 0.684470 0.125000 0.059640
0 0.403805 0.576280 0.122070 0.059640
0 0.404785 0.469490 0.122070 0.059640
0 0.406735 0.358530 0.122070 0.059640
0 0.407715 0.252425 0.122070 0.058250
0 0.398925 0.040915 0.118170 0.048543
0 0.620605 0.868930 0.133790 0.056860
0 0.625975 0.685160 0.126950 0.058260
0 0.625485 0.575590 0.127930 0.058260
0 0.625975 0.465325 0.126950 0.056870
0 0.624515 0.359225 0.127930 0.058250
0 0.625485 0.255895 0.127930 0.056870
0 0.617675 0.046464 0.127930 0.056865
0 0.875980 0.056867 0.199220 0.099865
0 0.880370 0.313450 0.200200 0.099860
0 0.889650 0.863385 0.208980 0.109570
1 0.877930 0.467405 0.195320 0.116510
