0 0.156165 0.132815 0.060270 0.019530
0 0.156165 0.181645 0.060270 0.019530
0 0.156165 0.232425 0.065750 0.019530
0 0.160275 0.296875 0.057530 0.017570
0 0.154795 0.363770 0.057530 0.018560
0 0.156165 0.414550 0.060270 0.016600
0 0.152055 0.488770 0.068490 0.022460
0 0.156165 0.563965 0.060270 0.020510
0 0.157535 0.614260 0.057530 0.017580
0 0.157535 0.681155 0.052050 0.014650
0 0.150685 0.750490 0.060270 0.018560
0 0.153425 0.801760 0.060270 0.017580
0 0.150685 0.854490 0.060270 0.017580
0 0.432875 0.035156 0.126030 0.021484
0 0.432875 0.083985 0.126030 0.021485
0 0.432875 0.132325 0.126030 0.020510
0 0.435615 0.180665 0.126030 0.021490
0 0.660275 0.035645 0.098630 0.020507
0 0.658905 0.084473 0.101370 0.020508
0 0.658905 0.132325 0.101370 0.020510
0 0.657535 0.181155 0.098630 0.020510
0 0.657535 0.229005 0.098630 0.020510
0 0.654795 0.286620 0.098630 0.018560
0 0.657535 0.307130 0.098630 0.018560
0 0.654795 0.364745 0.104110 0.020510
0 0.654795 0.414550 0.104110 0.020500
0 0.656165 0.464845 0.095890 0.019530
0 0.657535 0.514645 0.098630 0.019530
0 0.657535 0.564945 0.098630 0.020510
0 0.657535 0.615725 0.098630 0.020510
0 0.657535 0.750975 0.098630 0.019530
0 0.658905 0.802735 0.101370 0.019530
0 0.661645 0.856445 0.101370 0.019530
0 0.661645 0.909180 0.101370 0.019540
0 0.661645 0.961915 0.101370 0.019530
0 0.879455 0.034668 0.093150 0.020508
0 0.879455 0.083496 0.093150 0.020508
0 0.876715 0.133300 0.093150 0.020500
0 0.875345 0.181155 0.095890 0.020510
0 0.873975 0.229005 0.093150 0.020510
0 0.871235 0.365235 0.093150 0.019530
0 0.871235 0.415035 0.093150 0.019530
0 0.871235 0.465330 0.093150 0.018560
0 0.871235 0.515625 0.093150 0.019530
0 0.875345 0.565430 0.090410 0.019540
0 0.875345 0.616215 0.090410 0.019530
0 0.880825 0.752930 0.090410 0.019540
0 0.880825 0.804200 0.090410 0.018560
0 0.883565 0.856935 0.090410 0.018550
0 0.887675 0.910645 0.087670 0.018550
0 0.889045 0.962890 0.090410 0.019540
0 0.432875 0.962890 0.126030 0.019540
0 0.432875 0.909180 0.126030 0.019540
0 0.435615 0.855465 0.126030 0.019530
0 0.432875 0.803715 0.126030 0.019530
0 0.424655 0.752445 0.147950 0.020510
0 0.420550 0.693355 0.145200 0.019530
0 0.420550 0.673830 0.145200 0.017580
0 0.421920 0.617190 0.147940 0.021480
0 0.434245 0.564945 0.123290 0.020510
0 0.431505 0.514645 0.123290 0.019530
0 0.434245 0.464355 0.123290 0.020510
0 0.431505 0.414550 0.123290 0.020500
0 0.419180 0.363770 0.147940 0.020500
0 0.420550 0.229005 0.145200 0.020510
0 0.420550 0.287110 0.150680 0.017580
0 0.420550 0.306640 0.150680 0.017580
1 0.886300 0.682130 0.194520 0.049800
1 0.890410 0.298340 0.197260 0.051760
