0 0.207550 0.071289 0.150940 0.035156
0 0.198110 0.191405 0.150940 0.035150
0 0.194335 0.317870 0.147170 0.036140
0 0.186795 0.420410 0.147170 0.036140
0 0.186795 0.510745 0.147170 0.037110
0 0.186795 0.602050 0.147170 0.036140
0 0.190565 0.710450 0.147170 0.036140
0 0.194335 0.835450 0.147170 0.036140
0 0.196225 0.958005 0.147170 0.037110
0 0.480190 0.959470 0.160380 0.040040
0 0.480190 0.836430 0.160380 0.040040
0 0.483020 0.708500 0.166040 0.040040
0 0.485850 0.599610 0.167920 0.039060
0 0.483020 0.509765 0.166040 0.039070
0 0.483020 0.418945 0.166040 0.039070
0 0.483960 0.315430 0.167920 0.039060
0 0.484905 0.065918 0.166030 0.040040
0 0.487735 0.188480 0.167930 0.039060
0 0.691505 0.833985 0.047170 0.048830
0 0.686790 0.958495 0.049060 0.047850
0 0.693395 0.707030 0.050950 0.050780
0 0.694340 0.069824 0.049060 0.041992
0 0.695285 0.189455 0.047170 0.046870
0 0.696225 0.314940 0.049050 0.049800
0 0.828305 0.708005 0.135850 0.042970
0 0.819810 0.960450 0.133960 0.042000
0 0.821700 0.835450 0.133960 0.042000
1 0.782075 0.507810 0.232070 0.113280
