0 0.069336 0.218690 0.039062 0.139160
0 0.068848 0.495030 0.040039 0.139160
0 0.069336 0.771370 0.039062 0.139160
0 0.135745 0.773360 0.037110 0.139160
0 0.131345 0.495030 0.030270 0.139160
0 0.134275 0.218690 0.030270 0.143140
0 0.218260 0.218685 0.038080 0.115310
0 0.277835 0.216700 0.036130 0.115300
0 0.277835 0.496020 0.036130 0.113320
0 0.278320 0.773360 0.035160 0.115300
0 0.218750 0.774350 0.039060 0.113320
0 0.218750 0.496020 0.039060 0.113320
0 0.347655 0.143143 0.039070 0.091454
0 0.347165 0.284295 0.038090 0.091450
0 0.347655 0.425445 0.039070 0.091450
0 0.348630 0.566600 0.039060 0.091460
0 0.347655 0.709745 0.039070 0.091450
0 0.348630 0.850895 0.039060 0.091450
0 0.416505 0.852885 0.038090 0.091450
0 0.416015 0.709745 0.039070 0.091450
0 0.415040 0.572565 0.039060 0.091450
0 0.416505 0.427435 0.038090 0.091450
0 0.415525 0.282305 0.038090 0.091450
0 0.416015 0.141153 0.039070 0.091453
0 0.482420 0.141153 0.039060 0.091453
0 0.482910 0.285290 0.042000 0.093440
0 0.482910 0.432410 0.042000 0.093440
0 0.483400 0.571570 0.041020 0.093440
0 0.485840 0.716700 0.042000 0.093440
0 0.483885 0.853880 0.041990 0.093440
0 0.553710 0.853880 0.041020 0.093440
0 0.553710 0.717695 0.041020 0.091450
0 0.552245 0.573560 0.041990 0.093440
0 0.553225 0.430420 0.041990 0.093440
0 0.553225 0.291250 0.041990 0.093440
0 0.553225 0.144133 0.041990 0.093434
0 0.621585 0.144133 0.041990 0.093434
0 0.622555 0.289260 0.041990 0.093440
0 0.621585 0.426440 0.041990 0.093440
0 0.621585 0.573560 0.041990 0.093440
0 0.623535 0.712720 0.041990 0.093440
0 0.623535 0.855865 0.041990 0.093430
0 0.690915 0.851890 0.041990 0.093440
0 0.689945 0.714710 0.041990 0.093440
0 0.690915 0.572565 0.041990 0.091450
0 0.689945 0.429425 0.041990 0.091450
0 0.688475 0.285290 0.041010 0.093440
0 0.689945 0.142149 0.041990 0.093443
0 0.758300 0.845920 0.042000 0.093440
0 0.758790 0.708750 0.041020 0.093440
0 0.760255 0.573560 0.041990 0.093440
0 0.758300 0.429425 0.042000 0.091450
0 0.759275 0.290255 0.041990 0.091450
0 0.759275 0.147115 0.041990 0.091450
0 0.825680 0.150100 0.040040 0.089460
0 0.825680 0.289265 0.040040 0.089470
0 0.825680 0.430420 0.040040 0.089460
0 0.824220 0.569580 0.039060 0.089460
0 0.825680 0.706760 0.040040 0.089460
0 0.824220 0.844930 0.039060 0.087480
0 0.894535 0.201790 0.037110 0.153080
0 0.894530 0.494040 0.035160 0.153080
0 0.893065 0.787275 0.036130 0.147110
0 0.960450 0.493040 0.045900 0.186880
0 0.961915 0.781310 0.048830 0.190860
0 0.967775 0.205765 0.058590 0.192850
