0 0.313205 0.117185 0.135850 0.070309
0 0.310695 0.235355 0.135850 0.070310
0 0.310065 0.355470 0.137110 0.074220
0 0.311950 0.476560 0.138360 0.074220
0 0.311950 0.656740 0.138360 0.073240
0 0.315095 0.811035 0.137110 0.071290
0 0.318870 0.959475 0.132080 0.071290
0 0.573585 0.116699 0.206290 0.079102
0 0.572325 0.233890 0.206290 0.079100
0 0.571695 0.354980 0.207550 0.079100
0 0.573585 0.477540 0.206290 0.080080
0 0.571065 0.658690 0.206290 0.079100
0 0.573585 0.813475 0.201250 0.072270
0 0.857860 0.116701 0.133340 0.081058
0 0.858490 0.236325 0.132080 0.082030
0 0.859120 0.356445 0.133340 0.083990
0 0.857235 0.478515 0.134590 0.083990
0 0.851570 0.773925 0.130820 0.065430
0 0.066667 0.951660 0.090566 0.053720
0 0.059118 0.806155 0.090564 0.053710
0 0.059118 0.806155 0.090564 0.053710
0 0.055346 0.648925 0.090567 0.053710
1 0.934590 0.660645 0.128300 0.069330
