0 0.295410 0.091385 0.032220 0.067889
0 0.349605 0.093996 0.031250 0.067888
0 0.412105 0.091385 0.031250 0.067889
0 0.466795 0.091385 0.031250 0.067889
0 0.522465 0.093996 0.031250 0.067888
0 0.576660 0.091385 0.032220 0.067889
0 0.631835 0.088775 0.031250 0.067890
0 0.686525 0.091385 0.031250 0.067889
0 0.749025 0.092691 0.037110 0.065278
0 0.241215 0.091386 0.031250 0.062668
0 0.239260 0.331595 0.033200 0.067890
0 0.239745 0.498695 0.032230 0.067890
0 0.239260 0.664490 0.033200 0.070500
0 0.244630 0.900785 0.032220 0.067890
0 0.295410 0.331595 0.032220 0.067890
0 0.293945 0.500000 0.033210 0.070500
0 0.294920 0.661880 0.033200 0.070500
0 0.297850 0.898170 0.033200 0.067880
0 0.353515 0.902090 0.033210 0.070500
0 0.348630 0.661880 0.033200 0.070500
0 0.348630 0.497390 0.033200 0.070500
0 0.348630 0.332900 0.033200 0.070500
0 0.410645 0.331595 0.032230 0.067890
0 0.410645 0.500000 0.032230 0.070500
0 0.411130 0.664490 0.033200 0.070500
0 0.413085 0.898170 0.033210 0.067880
0 0.468750 0.899480 0.033200 0.070500
0 0.465820 0.664490 0.033200 0.070500
0 0.465335 0.498695 0.032230 0.067890
0 0.465820 0.332900 0.033200 0.070500
0 0.520020 0.331595 0.032220 0.067890
0 0.520020 0.501305 0.032220 0.067890
0 0.521485 0.663185 0.033210 0.067890
0 0.523440 0.898170 0.033200 0.067880
0 0.577150 0.902090 0.033200 0.070500
0 0.576170 0.664490 0.033200 0.070500
0 0.575195 0.500000 0.033210 0.070500
0 0.576170 0.335510 0.033200 0.070500
0 0.630860 0.331595 0.033200 0.067890
0 0.630860 0.498695 0.033200 0.067890
0 0.628905 0.664490 0.033210 0.070500
0 0.631835 0.898170 0.033210 0.067880
0 0.685550 0.899480 0.033200 0.070500
0 0.685060 0.664490 0.032220 0.070500
0 0.684570 0.497390 0.033200 0.070500
0 0.686520 0.331595 0.033200 0.067890
0 0.749025 0.899475 0.037110 0.065270
0 0.750980 0.663185 0.044920 0.067890
0 0.752930 0.497390 0.044920 0.070500
0 0.095705 0.328980 0.060550 0.120100
0 0.096190 0.500000 0.061520 0.122720
0 0.096190 0.667105 0.061520 0.117490
0 0.166505 0.663185 0.053710 0.120110
0 0.167480 0.493475 0.051760 0.125330
0 0.166015 0.328980 0.054690 0.120100
0 0.139160 0.873370 0.053720 0.086160
0 0.185060 0.870760 0.022460 0.091380
0 0.180665 0.116186 0.025390 0.112268
0 0.134280 0.112270 0.051760 0.109659
0 0.814450 0.090077 0.033200 0.101826
0 0.812990 0.906005 0.032220 0.099210
