0 0.351805 0.201170 0.080950 0.033200
0 0.529265 0.201175 0.082190 0.031250
0 0.528645 0.280760 0.080950 0.030280
0 0.353050 0.281735 0.083440 0.032230
0 0.353050 0.360355 0.083440 0.031250
0 0.353050 0.441405 0.083440 0.031250
0 0.353050 0.521970 0.083440 0.034180
0 0.353670 0.601560 0.084680 0.033200
0 0.353050 0.681640 0.083440 0.035160
0 0.529890 0.683105 0.083440 0.032230
0 0.529890 0.603025 0.083440 0.032230
0 0.530510 0.522950 0.082200 0.034180
0 0.531130 0.443360 0.083440 0.035160
0 0.529265 0.362305 0.082190 0.033210
0 0.703610 0.201660 0.084680 0.032220
0 0.703610 0.281735 0.084680 0.032230
0 0.702990 0.361815 0.083440 0.032230
0 0.702365 0.441890 0.084690 0.034180
0 0.704235 0.521970 0.083430 0.028320
0 0.702990 0.604980 0.083440 0.028320
0 0.703610 0.682130 0.084680 0.036140
0 0.878580 0.682130 0.083440 0.030280
0 0.877960 0.602535 0.084680 0.031250
0 0.876710 0.523435 0.084680 0.031250
0 0.875470 0.442870 0.089660 0.032220
0 0.874845 0.361330 0.088410 0.033200
0 0.874845 0.282225 0.088410 0.033210
0 0.874845 0.201170 0.088410 0.033200
0 0.344335 0.063477 0.085930 0.035157
0 0.524905 0.063477 0.085930 0.035157
0 0.698005 0.064453 0.085930 0.035156
0 0.872980 0.064453 0.084680 0.035156
0 0.351805 0.789550 0.085930 0.034180
0 0.352430 0.951170 0.084680 0.035160
0 0.353050 0.870120 0.085920 0.035160
0 0.529885 0.788085 0.085930 0.035150
0 0.529885 0.869140 0.085930 0.035160
0 0.529265 0.950195 0.084690 0.035150
0 0.704860 0.950195 0.084680 0.035150
0 0.703610 0.870120 0.084680 0.035160
0 0.704235 0.789060 0.085930 0.035160
0 0.877960 0.789060 0.084680 0.035160
0 0.876710 0.871095 0.084680 0.035150
0 0.177455 0.781740 0.053550 0.028320
0 0.176835 0.675780 0.052310 0.029300
0 0.176835 0.595215 0.052310 0.030270
0 0.176215 0.515135 0.053550 0.030270
0 0.176215 0.436035 0.053550 0.030270
0 0.176215 0.357910 0.053550 0.030280
0 0.176835 0.864260 0.052310 0.023440
0 0.176835 0.945310 0.052310 0.021480
0 0.177455 0.278810 0.053550 0.030280
0 0.174965 0.198730 0.053550 0.030280
0 0.084682 0.753905 0.029888 0.015630
