0 0.270510 0.078123 0.113280 0.085934
0 0.266600 0.279300 0.119140 0.087240
0 0.269530 0.471350 0.119140 0.088540
0 0.268550 0.661460 0.119140 0.088540
0 0.469730 0.661460 0.119140 0.088540
0 0.466800 0.471350 0.119140 0.088540
0 0.464840 0.278650 0.119140 0.088540
0 0.468260 0.076821 0.118160 0.088538
0 0.669925 0.665365 0.123050 0.096350
0 0.668945 0.472655 0.123050 0.096350
0 0.666995 0.277345 0.123050 0.096350
0 0.845705 0.250650 0.109370 0.040360
0 0.846680 0.307290 0.109380 0.041660
0 0.848145 0.444010 0.108390 0.041660
0 0.847655 0.497395 0.109370 0.041670
0 0.848635 0.638020 0.109370 0.041660
0 0.849120 0.692710 0.108400 0.041660
