0 0.298340 0.397095 0.045900 0.048430
0 0.299320 0.578695 0.045900 0.048430
0 0.384765 0.577480 0.044930 0.046000
0 0.386230 0.397095 0.045900 0.048430
0 0.471190 0.395885 0.045900 0.046010
0 0.472170 0.578695 0.045900 0.048430
0 0.559080 0.578695 0.045900 0.048430
0 0.558590 0.392250 0.044920 0.048420
0 0.122560 0.094429 0.045901 0.048422
0 0.123535 0.888620 0.045890 0.048420
0 0.220215 0.093220 0.069330 0.079901
0 0.221190 0.888620 0.069340 0.072640
0 0.307615 0.087169 0.072270 0.067801
0 0.395995 0.083533 0.071290 0.070214
0 0.482420 0.078692 0.072260 0.070216
0 0.567875 0.085958 0.071290 0.070223
0 0.657225 0.081113 0.072270 0.070215
0 0.731935 0.078692 0.049810 0.070216
0 0.732425 0.889830 0.048830 0.070220
0 0.656735 0.886200 0.071290 0.072640
0 0.568360 0.888620 0.072260 0.072640
0 0.483885 0.887410 0.071290 0.070220
0 0.308105 0.886200 0.071290 0.072640
0 0.394045 0.886200 0.071290 0.072640
0 0.217285 0.265130 0.051750 0.041160
0 0.216310 0.326875 0.051760 0.048430
0 0.216795 0.393460 0.052730 0.046000
0 0.216795 0.575060 0.048830 0.046000
0 0.217770 0.514530 0.050780 0.041160
0 0.218260 0.461260 0.049800 0.041160
0 0.217770 0.647700 0.050780 0.041160
0 0.217770 0.714285 0.050780 0.053270
0 0.310060 0.261505 0.067380 0.053270
0 0.310060 0.714285 0.067380 0.053270
0 0.396485 0.259080 0.066410 0.053260
0 0.396485 0.714285 0.066410 0.053270
0 0.482420 0.259080 0.066400 0.053260
0 0.483400 0.709445 0.066400 0.053270
0 0.568360 0.257865 0.066400 0.055690
0 0.570800 0.709445 0.067380 0.053270
0 0.656250 0.259080 0.066400 0.053260
0 0.656250 0.711865 0.066400 0.053270
0 0.747070 0.709445 0.066400 0.053270
0 0.743165 0.259080 0.066410 0.053260
0 0.652345 0.575060 0.058590 0.046000
0 0.652345 0.392250 0.058590 0.048420
0 0.823730 0.076271 0.049800 0.046005
0 0.823730 0.884985 0.049800 0.060530
