0 0.848430 0.122561 0.148560 0.069339
0 0.853265 0.250975 0.148550 0.070310
0 0.848430 0.778320 0.148560 0.070320
0 0.847225 0.906740 0.148550 0.069340
0 0.251205 0.116212 0.166670 0.070315
0 0.253625 0.250975 0.166670 0.070310
0 0.251205 0.381835 0.166670 0.070310
0 0.255435 0.520020 0.165450 0.069340
0 0.252415 0.664550 0.166670 0.069340
0 0.252415 0.790530 0.166670 0.069340
0 0.253625 0.923825 0.166670 0.070310
0 0.557970 0.116212 0.166660 0.070315
0 0.557970 0.248535 0.166660 0.069330
0 0.559180 0.380370 0.166660 0.069340
0 0.559180 0.519045 0.166660 0.069330
0 0.561595 0.659670 0.166670 0.069340
0 0.565215 0.783205 0.166670 0.070310
0 0.561595 0.917480 0.166670 0.069340
1 0.876205 0.515135 0.233090 0.137690
