0 0.225145 0.117186 0.106530 0.042967
0 0.220880 0.220705 0.106540 0.042970
0 0.219460 0.327145 0.106540 0.042970
0 0.213780 0.440430 0.106540 0.042960
0 0.208095 0.620605 0.106530 0.047850
0 0.222300 0.790035 0.106540 0.042970
0 0.231535 0.895505 0.105110 0.042970
0 0.416190 0.117190 0.127840 0.041020
0 0.414770 0.219725 0.127840 0.041010
0 0.416190 0.327150 0.127840 0.041020
0 0.411220 0.441895 0.134940 0.043950
0 0.409800 0.622560 0.129260 0.049800
0 0.417610 0.793460 0.127840 0.040040
0 0.423300 0.895020 0.127840 0.040040
0 0.600855 0.121585 0.090910 0.041990
0 0.602275 0.222165 0.090910 0.041990
0 0.604405 0.327145 0.089490 0.042970
0 0.602275 0.442875 0.090910 0.041990
0 0.602985 0.791995 0.089490 0.042970
0 0.605825 0.895020 0.089490 0.042000
1 0.795455 0.228515 0.119310 0.033210
0 0.779120 0.791015 0.120740 0.091790
