0 0.127443 0.090966 0.065433 0.057249
0 0.127443 0.167940 0.065433 0.058520
0 0.124999 0.273535 0.066403 0.061070
0 0.123047 0.353690 0.066406 0.061060
0 0.123537 0.459920 0.067386 0.062340
0 0.124025 0.539440 0.066410 0.061060
0 0.122068 0.641225 0.066403 0.061070
0 0.123047 0.721375 0.066406 0.061070
0 0.124025 0.828245 0.066410 0.061070
0 0.126466 0.904580 0.067387 0.061060
0 0.246095 0.909665 0.066410 0.061070
0 0.245115 0.831425 0.070310 0.062350
0 0.243655 0.726465 0.071290 0.061070
0 0.244140 0.643765 0.070320 0.061070
0 0.243655 0.539440 0.071290 0.061060
0 0.243655 0.460560 0.071290 0.061060
0 0.245115 0.352415 0.070310 0.061070
0 0.245115 0.272265 0.070310 0.061070
0 0.247070 0.169215 0.070320 0.061070
0 0.249025 0.089057 0.070310 0.061066
0 0.366210 0.087786 0.070320 0.061068
0 0.367185 0.165395 0.070310 0.061070
0 0.366210 0.269720 0.070320 0.061060
0 0.365235 0.355600 0.070310 0.062340
0 0.365235 0.456745 0.070310 0.061070
0 0.364745 0.538165 0.071290 0.061070
0 0.365235 0.647585 0.070310 0.061070
0 0.364255 0.726465 0.070310 0.061070
0 0.365235 0.829515 0.070310 0.061070
0 0.365235 0.910945 0.070310 0.061070
0 0.488765 0.087786 0.071290 0.061068
0 0.487795 0.166665 0.071290 0.061070
0 0.488765 0.269720 0.071290 0.061060
0 0.489255 0.352415 0.072270 0.061070
0 0.489255 0.459285 0.072270 0.061070
0 0.487795 0.538165 0.071290 0.061070
0 0.489255 0.830785 0.072270 0.061070
0 0.488765 0.725195 0.071290 0.061070
0 0.489255 0.645035 0.072270 0.061070
0 0.490235 0.910305 0.072270 0.062350
0 0.611330 0.909665 0.072260 0.061070
0 0.612305 0.829515 0.072270 0.061070
0 0.611330 0.725195 0.072260 0.061070
0 0.611330 0.645035 0.072260 0.061070
0 0.612305 0.541985 0.072270 0.061070
0 0.612305 0.459285 0.072270 0.061070
0 0.610840 0.351145 0.071280 0.061070
0 0.612305 0.273535 0.072270 0.061070
0 0.611330 0.167935 0.072260 0.061070
0 0.609375 0.087150 0.072270 0.062340
0 0.742190 0.499362 0.095700 0.983456
1 0.958500 0.842875 0.079100 0.049610
1 0.959960 0.484100 0.072260 0.108140
