0 0.576620 0.349610 0.109640 0.044920
0 0.341480 0.099121 0.107000 0.045898
0 0.342800 0.228030 0.104360 0.045900
0 0.343460 0.348630 0.105680 0.044920
0 0.575295 0.100099 0.112290 0.045902
0 0.575960 0.229000 0.110960 0.045900
0 0.339500 0.486330 0.103040 0.044920
0 0.338840 0.635250 0.109640 0.045900
0 0.338840 0.782230 0.104360 0.044920
0 0.573975 0.486330 0.112290 0.044920
0 0.573315 0.636720 0.110970 0.044920
0 0.572655 0.782715 0.109650 0.045890
0 0.343460 0.922850 0.105680 0.044920
0 0.576620 0.923830 0.109640 0.046880
0 0.834215 0.098142 0.112290 0.045895
0 0.832895 0.229000 0.112290 0.045900
0 0.834215 0.350100 0.112290 0.045900
0 0.832895 0.781740 0.112290 0.045900
0 0.832895 0.485840 0.112290 0.045900
0 0.148610 0.208010 0.022460 0.027340
0 0.152575 0.473630 0.022450 0.027340
0 0.149935 0.974120 0.019810 0.024420
