0 0.915660 0.867675 0.074700 0.032230
0 0.777110 0.868655 0.074700 0.032230
0 0.915665 0.773925 0.072290 0.032230
0 0.916265 0.701175 0.073490 0.031250
0 0.915060 0.625975 0.073500 0.031250
0 0.777710 0.774415 0.075900 0.031250
0 0.777710 0.702145 0.073500 0.031250
0 0.777110 0.626465 0.074700 0.030270
0 0.915665 0.550785 0.072290 0.031250
0 0.915665 0.478025 0.072290 0.032230
0 0.914460 0.383300 0.074700 0.030280
0 0.778310 0.551270 0.074700 0.030280
0 0.777710 0.479495 0.073500 0.031250
0 0.776505 0.383785 0.073490 0.031250
0 0.641565 0.479005 0.066270 0.032230
0 0.640360 0.384765 0.066260 0.031250
0 0.640360 0.702635 0.066260 0.032230
0 0.640960 0.626955 0.065060 0.031250
0 0.640360 0.552245 0.066260 0.032230
0 0.640360 0.774905 0.068680 0.032230
0 0.638555 0.869630 0.067470 0.032220
0 0.508430 0.869630 0.065060 0.032220
0 0.382530 0.870605 0.066260 0.057610
0 0.511445 0.775395 0.066270 0.031250
0 0.510840 0.702635 0.065060 0.032230
0 0.511445 0.625975 0.066270 0.031250
0 0.383130 0.775390 0.065060 0.033200
0 0.384335 0.702150 0.062650 0.033200
0 0.384335 0.625980 0.062650 0.033200
0 0.512050 0.551755 0.065060 0.031250
0 0.512045 0.478515 0.067470 0.031250
0 0.510840 0.384275 0.065060 0.032230
0 0.384940 0.551760 0.063860 0.033200
0 0.384940 0.479490 0.063860 0.035160
0 0.382530 0.383300 0.063860 0.055660
0 0.440965 0.256835 0.067470 0.031250
0 0.446985 0.164065 0.067470 0.031250
0 0.578915 0.257325 0.063850 0.032230
0 0.723495 0.257325 0.068670 0.030270
0 0.526510 0.956540 0.065060 0.028320
0 0.655425 0.955565 0.067470 0.026370
0 0.396990 0.956055 0.063860 0.029290
