0 0.093107 0.062500 0.050785 0.058594
0 0.188635 0.060547 0.050790 0.056640
0 0.285975 0.059082 0.049570 0.057618
0 0.685005 0.059570 0.049570 0.056641
0 0.386940 0.057617 0.050780 0.058594
0 0.483675 0.058594 0.050790 0.058594
0 0.584640 0.057617 0.049580 0.058594
0 0.685610 0.354980 0.050780 0.061520
0 0.783555 0.058106 0.050790 0.057617
0 0.785370 0.354490 0.049580 0.062500
0 0.585245 0.354005 0.050790 0.057610
0 0.482465 0.353025 0.050790 0.059570
0 0.381500 0.352050 0.052000 0.063480
0 0.182590 0.350590 0.053200 0.062500
0 0.282950 0.656735 0.053200 0.059570
0 0.083435 0.352540 0.048370 0.060540
0 0.281740 0.353515 0.053200 0.060550
0 0.093712 0.938475 0.047157 0.060550
0 0.085250 0.652340 0.052000 0.062500
0 0.186820 0.656250 0.037480 0.058600
0 0.380895 0.656740 0.053210 0.063480
0 0.481260 0.660160 0.053200 0.062500
0 0.581620 0.659670 0.053200 0.063480
0 0.684400 0.658690 0.053200 0.063480
0 0.784160 0.660160 0.052000 0.062500
0 0.382105 0.945805 0.053210 0.059570
0 0.481255 0.948245 0.050790 0.060550
0 0.285370 0.945805 0.050780 0.059570
0 0.584040 0.950685 0.053200 0.059570
0 0.677145 0.947755 0.053210 0.059570
0 0.287185 0.146485 0.051990 0.054690
0 0.285975 0.203125 0.051990 0.054690
0 0.284765 0.261720 0.051990 0.054680
0 0.688635 0.247555 0.056830 0.088870
0 0.688030 0.157225 0.060460 0.083990
0 0.795645 0.245115 0.048370 0.058590
0 0.793830 0.157230 0.047160 0.056640
0 0.597945 0.243650 0.039910 0.057620
0 0.596735 0.156250 0.039910 0.056640
0 0.487905 0.245120 0.056830 0.095700
0 0.487300 0.154785 0.055620 0.079110
0 0.398425 0.244140 0.030230 0.056640
0 0.398425 0.155275 0.030230 0.058590
0 0.198910 0.245115 0.015720 0.058590
0 0.200725 0.159670 0.012090 0.055660
0 0.107013 0.245115 0.022974 0.058590
0 0.111245 0.162110 0.019350 0.054680
0 0.086456 0.549315 0.059248 0.094730
0 0.186215 0.551755 0.058050 0.087890
0 0.102174 0.441895 0.020552 0.055670
0 0.201935 0.441895 0.024190 0.057610
0 0.299275 0.536135 0.027810 0.058590
0 0.299275 0.441410 0.030230 0.056640
0 0.397215 0.537110 0.032650 0.058600
0 0.397215 0.445315 0.032650 0.058590
0 0.495160 0.540040 0.039900 0.058600
0 0.497580 0.442385 0.037480 0.058590
0 0.595525 0.541995 0.037490 0.058590
0 0.596130 0.441895 0.038700 0.055670
0 0.695890 0.442380 0.042320 0.056640
0 0.695285 0.542485 0.045950 0.059570
0 0.794435 0.442870 0.048370 0.057620
0 0.793830 0.541020 0.049580 0.056640
0 0.108827 0.810060 0.021766 0.051760
0 0.106408 0.736820 0.021764 0.040040
0 0.188630 0.730955 0.055620 0.024410
0 0.188630 0.757325 0.055620 0.026370
0 0.189840 0.784180 0.055620 0.025400
0 0.189840 0.811525 0.055620 0.025390
0 0.189840 0.838865 0.055620 0.025390
0 0.191050 0.866215 0.055620 0.025390
0 0.285975 0.802245 0.054410 0.168950
0 0.383915 0.804690 0.056830 0.166020
0 0.496370 0.819335 0.037480 0.052730
0 0.494560 0.744140 0.038700 0.041020
0 0.593110 0.818360 0.039900 0.052740
0 0.593110 0.744630 0.039900 0.038080
0 0.692260 0.818360 0.042320 0.048820
0 0.691655 0.745115 0.043530 0.041010
0 0.789000 0.745605 0.047160 0.041990
0 0.788390 0.818850 0.050780 0.051760
1 0.943775 0.470215 0.090690 0.053710
1 0.952845 0.580565 0.074970 0.030270
1 0.952840 0.247555 0.079800 0.036130
1 0.952840 0.284665 0.079800 0.036130
0 0.187425 0.941405 0.053210 0.058590
0 0.902055 0.210940 0.021770 0.181640
