0 0.146975 0.110559 0.047850 0.057142
0 0.148440 0.163975 0.039060 0.027330
0 0.150880 0.057764 0.040040 0.028572
0 0.147950 0.249065 0.040040 0.028570
0 0.148930 0.359625 0.040040 0.028570
0 0.146975 0.445960 0.041990 0.034780
0 0.147465 0.554040 0.042970 0.034780
0 0.153805 0.938510 0.041990 0.036020
0 0.150880 0.832300 0.042000 0.034780
0 0.147950 0.749070 0.042000 0.034780
0 0.146485 0.639130 0.042970 0.036020
0 0.142575 0.302485 0.048830 0.058390
0 0.142090 0.501865 0.049800 0.064590
0 0.148440 0.884470 0.050780 0.064600
0 0.143555 0.693170 0.050790 0.064600
0 0.227050 0.108074 0.051760 0.141613
0 0.309570 0.109939 0.052740 0.142861
0 0.225100 0.304970 0.049800 0.147820
0 0.308590 0.304350 0.050780 0.146580
0 0.225590 0.501865 0.050780 0.146590
0 0.226560 0.698135 0.050780 0.146590
0 0.230470 0.891305 0.050780 0.147830
0 0.307620 0.503105 0.050780 0.146590
0 0.310550 0.699380 0.050780 0.146580
0 0.313480 0.897515 0.050780 0.147830
0 0.396485 0.894410 0.052730 0.144100
0 0.395020 0.700620 0.053720 0.144100
0 0.393070 0.504345 0.051760 0.149070
0 0.394040 0.302485 0.051760 0.147830
0 0.396000 0.106834 0.051760 0.149072
0 0.479000 0.106834 0.051760 0.149072
0 0.563965 0.105588 0.051750 0.149064
0 0.649900 0.108697 0.051760 0.147827
0 0.733890 0.109938 0.051760 0.147825
0 0.479000 0.303105 0.051760 0.149070
0 0.563965 0.303105 0.051750 0.149070
0 0.650880 0.308075 0.051760 0.149070
0 0.735840 0.306835 0.051760 0.149070
0 0.736820 0.503105 0.051760 0.149070
0 0.651855 0.503105 0.051750 0.149070
0 0.563475 0.506210 0.052730 0.147820
0 0.479000 0.504345 0.051760 0.149070
0 0.479980 0.699375 0.051760 0.149070
0 0.482910 0.895030 0.051760 0.147820
0 0.565920 0.898135 0.051760 0.149070
0 0.565920 0.702485 0.051760 0.147830
0 0.650880 0.704345 0.051760 0.149070
0 0.652830 0.895030 0.051760 0.147820
0 0.737305 0.890685 0.052730 0.149070
0 0.736820 0.703105 0.051760 0.149070
0 0.828615 0.308075 0.061530 0.146590
0 0.830565 0.708075 0.061530 0.146590
0 0.826170 0.506210 0.056640 0.162740
