0 0.761230 0.627600 0.038080 0.049480
0 0.633790 0.354165 0.123040 0.065110
0 0.793455 0.352865 0.104490 0.096350
0 0.932615 0.350910 0.078130 0.079420
1 0.884765 0.627605 0.146490 0.088550
0 0.938480 0.813805 0.062500 0.067710
0 0.793455 0.812500 0.104490 0.057300
0 0.615720 0.809900 0.090820 0.062500
0 0.614750 0.625650 0.090820 0.061200
0 0.281250 0.624345 0.082040 0.055990
0 0.281735 0.805990 0.083010 0.054680
0 0.446775 0.807945 0.086910 0.055990
0 0.446775 0.624345 0.086910 0.055990
0 0.464355 0.354815 0.127930 0.069010
0 0.278320 0.355465 0.083980 0.054690
0 0.110350 0.354165 0.083981 0.054690
0 0.112306 0.623695 0.083988 0.054690
0 0.113280 0.805990 0.083981 0.054680
0 0.055176 0.073566 0.084961 0.095048
0 0.215820 0.072916 0.095700 0.093748
