0 0.148925 0.139970 0.088870 0.057720
0 0.147950 0.388890 0.088860 0.056280
0 0.147950 0.636360 0.088860 0.057720
0 0.148925 0.889610 0.088870 0.056280
0 0.280760 0.137809 0.090820 0.076483
0 0.280765 0.387445 0.092770 0.079370
0 0.281250 0.637805 0.091800 0.080810
0 0.280275 0.889610 0.093750 0.076480
0 0.421875 0.134919 0.103510 0.088021
0 0.421875 0.388165 0.103510 0.083690
0 0.421875 0.638525 0.103510 0.082250
0 0.421390 0.889610 0.102540 0.082260
0 0.574215 0.136362 0.111330 0.085135
0 0.573245 0.387445 0.111330 0.079370
0 0.574215 0.636365 0.111330 0.080810
0 0.572265 0.886725 0.111330 0.082250
0 0.733885 0.389610 0.118170 0.077920
0 0.733890 0.137085 0.120120 0.080809
0 0.732420 0.637085 0.119140 0.076470
0 0.731935 0.888170 0.118170 0.076480
1 0.911135 0.512990 0.146490 0.145740
