0 0.172810 0.229495 0.031420 0.037110
0 0.173495 0.500975 0.030050 0.037110
0 0.183060 0.764645 0.030060 0.037110
0 0.367485 0.076174 0.109290 0.048832
0 0.366120 0.216795 0.106560 0.048830
0 0.363390 0.359865 0.106560 0.047850
0 0.364755 0.500485 0.106550 0.047850
0 0.368850 0.640135 0.106560 0.047850
0 0.372950 0.779295 0.106560 0.048830
0 0.381150 0.911135 0.106560 0.048830
0 0.850410 0.081054 0.094260 0.046873
0 0.851775 0.221190 0.094270 0.045900
0 0.850410 0.359375 0.094260 0.046870
0 0.848360 0.636720 0.092900 0.046880
0 0.844945 0.776365 0.094270 0.046870
0 0.844260 0.905760 0.092900 0.045900
0 0.598360 0.077636 0.128420 0.043945
0 0.596995 0.217285 0.128410 0.043950
0 0.599725 0.359865 0.128410 0.043950
0 0.598360 0.501465 0.128420 0.043950
0 0.598360 0.641115 0.128420 0.043950
0 0.598360 0.776370 0.128420 0.044920
0 0.598360 0.910645 0.128420 0.043950
1 0.872950 0.499510 0.232240 0.114260
