0 0.130372 0.893360 0.069337 0.084500
0 0.131350 0.724345 0.069340 0.084510
0 0.132323 0.561365 0.069334 0.084510
0 0.131350 0.344065 0.069340 0.084510
0 0.131350 0.152915 0.069340 0.084510
0 0.248535 0.149900 0.069330 0.082500
0 0.248535 0.342055 0.069330 0.084510
0 0.246580 0.560360 0.069340 0.082500
0 0.246580 0.724345 0.069340 0.084510
0 0.245605 0.895375 0.069330 0.084510
0 0.368650 0.897385 0.069340 0.084510
0 0.369140 0.727365 0.068360 0.082490
0 0.370605 0.561365 0.069330 0.084510
0 0.370605 0.349095 0.069330 0.082490
0 0.369630 0.150905 0.069340 0.084510
0 0.490720 0.150905 0.069340 0.084510
0 0.489745 0.350100 0.069330 0.084500
0 0.488770 0.560365 0.069340 0.078470
0 0.490720 0.727365 0.069340 0.078470
0 0.489745 0.902415 0.069330 0.078470
0 0.604980 0.897385 0.069340 0.080490
0 0.605955 0.730380 0.069330 0.080480
0 0.605955 0.559355 0.069330 0.080490
0 0.605955 0.350100 0.069330 0.080480
0 0.607910 0.151915 0.069340 0.078470
0 0.718260 0.897385 0.069340 0.080490
0 0.720215 0.729375 0.069330 0.078470
