0 0.337050 0.174315 0.122560 0.049810
0 0.340525 0.308595 0.121170 0.048830
0 0.340525 0.410645 0.121170 0.049810
0 0.342620 0.513675 0.122560 0.048830
0 0.341225 0.614255 0.119770 0.048830
0 0.342620 0.716795 0.119780 0.048830
0 0.342620 0.817385 0.119780 0.048830
0 0.342620 0.918945 0.119780 0.048830
0 0.577995 0.177735 0.133710 0.048830
0 0.582175 0.717285 0.133710 0.047850
0 0.582175 0.819825 0.133710 0.047850
0 0.582175 0.920410 0.133710 0.047860
0 0.830780 0.310550 0.140660 0.050780
0 0.831480 0.415040 0.142060 0.050780
0 0.831480 0.516600 0.142060 0.050780
0 0.830780 0.616700 0.140660 0.051760
0 0.830780 0.715330 0.140660 0.051760
0 0.830780 0.817380 0.140660 0.050780
0 0.830080 0.918460 0.142060 0.051760
1 0.860725 0.185545 0.208910 0.099610
0 0.581480 0.614745 0.135100 0.047850
0 0.578690 0.514160 0.135100 0.045900
0 0.577300 0.413570 0.135100 0.045900
0 0.575905 0.311035 0.135090 0.045890
0 0.169220 0.175295 0.023680 0.032230
0 0.174790 0.306155 0.023680 0.032230
0 0.176185 0.410645 0.023670 0.032230
0 0.176880 0.515135 0.022280 0.032230
0 0.176880 0.717285 0.022280 0.032230
0 0.176880 0.818355 0.022280 0.031250
0 0.176185 0.920410 0.023670 0.032220
0 0.176880 0.615725 0.022280 0.032230
