0 0.227160 0.114260 0.079020 0.046880
0 0.361725 0.113283 0.079010 0.048833
0 0.498150 0.111817 0.077780 0.049806
0 0.630865 0.111817 0.079010 0.049806
0 0.765435 0.110839 0.079010 0.049802
0 0.225925 0.925295 0.079010 0.049810
0 0.364815 0.927245 0.077770 0.049810
0 0.497530 0.927245 0.079020 0.049810
0 0.634565 0.929200 0.079010 0.049800
0 0.769135 0.928220 0.079010 0.049800
0 0.226545 0.231935 0.080250 0.032230
0 0.225310 0.309085 0.080240 0.032230
0 0.227160 0.365725 0.081480 0.032230
0 0.225930 0.433105 0.081480 0.032230
0 0.225930 0.503415 0.081480 0.032230
0 0.360490 0.230955 0.081480 0.032230
0 0.359875 0.307130 0.080250 0.030280
0 0.359875 0.365725 0.080250 0.030270
0 0.359875 0.433595 0.080250 0.031250
0 0.361110 0.501955 0.080240 0.031250
0 0.363580 0.560545 0.080240 0.031250
0 0.361110 0.630370 0.080240 0.030280
0 0.226545 0.630855 0.080250 0.031250
0 0.224075 0.561035 0.080250 0.030270
0 0.498145 0.230955 0.080250 0.030270
0 0.498145 0.308595 0.080250 0.031250
0 0.496915 0.363770 0.080250 0.030280
0 0.498145 0.433595 0.080250 0.031250
0 0.496915 0.504885 0.080250 0.031250
0 0.495680 0.562015 0.080240 0.030270
0 0.498145 0.631835 0.080250 0.031250
0 0.630245 0.230955 0.080250 0.030270
0 0.631480 0.308595 0.080240 0.031250
0 0.632715 0.364255 0.080250 0.031250
0 0.632715 0.434575 0.080250 0.031250
0 0.633950 0.505370 0.080240 0.030280
0 0.632715 0.564455 0.080250 0.031250
0 0.632715 0.632815 0.080250 0.031250
0 0.225925 0.700195 0.079010 0.031250
0 0.227775 0.756835 0.080250 0.031250
0 0.227775 0.833985 0.080250 0.031250
0 0.359875 0.835935 0.080250 0.031250
0 0.362345 0.756835 0.080250 0.031250
0 0.361110 0.701660 0.080240 0.030280
0 0.496915 0.702145 0.080250 0.031250
0 0.498145 0.756835 0.080250 0.031250
0 0.496915 0.835935 0.080250 0.031250
0 0.633950 0.837895 0.080240 0.031250
0 0.633950 0.756835 0.080240 0.031250
0 0.633950 0.704105 0.080240 0.031250
0 0.767905 0.835935 0.079010 0.031250
0 0.767905 0.756835 0.079010 0.031250
0 0.769755 0.701660 0.080250 0.030280
0 0.768520 0.632325 0.080240 0.030270
0 0.768520 0.559085 0.080240 0.030270
0 0.766050 0.504395 0.080240 0.030270
0 0.767905 0.434575 0.079010 0.031250
0 0.766050 0.230955 0.080240 0.030270
0 0.767285 0.364255 0.080250 0.031250
0 0.766665 0.308595 0.079010 0.031250
1 0.935800 0.269535 0.108640 0.037110
1 0.937040 0.458985 0.108640 0.037110
1 0.939510 0.624025 0.108640 0.037110
1 0.954935 0.110350 0.080250 0.039060
