0 0.084961 0.092345 0.041017 0.048250
0 0.084474 0.157235 0.041993 0.048250
0 0.084961 0.279535 0.041017 0.046590
0 0.085451 0.345255 0.041997 0.048250
0 0.087891 0.905990 0.041017 0.048260
0 0.086425 0.841095 0.041990 0.048250
0 0.087403 0.717970 0.041994 0.048260
0 0.087403 0.654745 0.041994 0.048250
0 0.086425 0.533275 0.041990 0.048250
0 0.085940 0.466725 0.041020 0.048250
0 0.364255 0.093180 0.048830 0.049920
0 0.365235 0.160570 0.048830 0.051580
0 0.364255 0.278700 0.048830 0.051580
0 0.365235 0.346920 0.048830 0.051580
0 0.365235 0.465060 0.048830 0.051580
0 0.365235 0.534110 0.048830 0.049920
0 0.365235 0.651410 0.048830 0.051580
0 0.365235 0.719630 0.048830 0.051580
0 0.366210 0.839430 0.048820 0.051580
0 0.366210 0.908485 0.048820 0.049910
0 0.444335 0.909320 0.048830 0.051580
0 0.442385 0.839430 0.048830 0.051580
0 0.444335 0.719630 0.048830 0.051580
0 0.445315 0.651410 0.048830 0.051580
0 0.445315 0.534940 0.048830 0.051580
0 0.443360 0.465890 0.048820 0.049920
0 0.441895 0.348590 0.047850 0.051580
0 0.443360 0.279535 0.048820 0.049910
0 0.444335 0.161400 0.048830 0.049920
0 0.443360 0.094842 0.048820 0.049916
0 0.520505 0.093180 0.048830 0.049920
0 0.520505 0.163890 0.048830 0.051580
0 0.521485 0.279535 0.048830 0.049910
0 0.522465 0.351910 0.048830 0.051580
0 0.522465 0.467555 0.048830 0.049910
0 0.521975 0.534940 0.047850 0.051580
0 0.520505 0.653080 0.048830 0.051580
0 0.521975 0.721300 0.047850 0.051580
0 0.522950 0.839430 0.047860 0.051580
0 0.522465 0.905990 0.048830 0.051580
0 0.601565 0.907650 0.048830 0.051580
0 0.599610 0.836110 0.048820 0.051580
0 0.600585 0.719630 0.048830 0.051580
0 0.600585 0.651410 0.048830 0.051580
0 0.601075 0.531610 0.047850 0.051580
0 0.599610 0.465890 0.048820 0.049920
0 0.599610 0.348590 0.048820 0.051580
0 0.600585 0.278700 0.048830 0.051580
0 0.599610 0.162230 0.048820 0.051580
0 0.598635 0.090681 0.048830 0.051578
0 0.679195 0.091513 0.047850 0.049914
0 0.678710 0.161400 0.048820 0.049920
0 0.679195 0.281200 0.047850 0.049920
0 0.679195 0.348590 0.047850 0.051580
0 0.677735 0.465060 0.048830 0.051580
0 0.679195 0.534110 0.047850 0.049920
0 0.679195 0.651410 0.047850 0.051580
0 0.680665 0.722130 0.048830 0.049920
0 0.680665 0.840265 0.048830 0.049910
0 0.680665 0.909320 0.048830 0.051580
0 0.757815 0.909320 0.048830 0.051580
0 0.756835 0.841100 0.048830 0.051580
0 0.756835 0.094010 0.048830 0.051580
0 0.755860 0.162230 0.048820 0.051580
0 0.755860 0.282030 0.048820 0.051580
0 0.757815 0.351080 0.048830 0.049920
0 0.756835 0.464225 0.048830 0.049910
0 0.756835 0.534110 0.048830 0.049920
0 0.758305 0.653910 0.047850 0.049920
0 0.758305 0.717970 0.047850 0.051580
0 0.846680 0.127288 0.039060 0.138104
0 0.846190 0.316140 0.040040 0.139760
0 0.204100 0.500000 0.062500 0.134780
0 0.201170 0.124791 0.062500 0.136438
0 0.203615 0.314480 0.063470 0.136440
0 0.203130 0.685520 0.062500 0.136440
0 0.204100 0.872710 0.062500 0.134780
0 0.285155 0.871045 0.041010 0.131450
0 0.285155 0.685525 0.041010 0.129790
0 0.286130 0.500000 0.041020 0.131440
0 0.285155 0.316975 0.041010 0.131450
0 0.283205 0.126457 0.041010 0.129786
