0 0.252925 0.103498 0.150390 0.078324
0 0.254885 0.262940 0.150390 0.078320
0 0.257815 0.425175 0.150390 0.078330
0 0.259275 0.595805 0.151370 0.078330
0 0.263675 0.748950 0.150390 0.076920
0 0.257815 0.913290 0.150390 0.078320
0 0.539060 0.102796 0.169920 0.071327
0 0.541990 0.266435 0.169920 0.071330
0 0.540040 0.426575 0.166020 0.075530
0 0.542970 0.593005 0.166020 0.075530
0 0.545900 0.748250 0.166020 0.075520
0 0.542970 0.910490 0.166020 0.075520
0 0.849125 0.588810 0.190430 0.075520
0 0.850585 0.745455 0.189450 0.075530
0 0.844235 0.261540 0.190430 0.075520
0 0.847165 0.097900 0.190430 0.075520
1 0.867185 0.888115 0.253910 0.092310
1 0.861815 0.419580 0.243170 0.106300
