0 0.299320 0.132530 0.090820 0.062240
0 0.299320 0.286645 0.090820 0.061250
0 0.298830 0.495985 0.091800 0.062250
0 0.300290 0.713855 0.090820 0.062250
0 0.298340 0.870485 0.090820 0.062250
0 0.155275 0.866465 0.091790 0.062250
0 0.154790 0.712350 0.090820 0.061240
0 0.154790 0.498995 0.090820 0.062250
0 0.156740 0.288655 0.090820 0.061250
0 0.158690 0.136045 0.090820 0.061250
0 0.446285 0.287650 0.099610 0.063260
0 0.447265 0.136545 0.099610 0.062250
0 0.445315 0.500505 0.099610 0.063250
0 0.446285 0.712855 0.099610 0.062250
0 0.447265 0.871985 0.099610 0.063250
0 0.607420 0.134535 0.107420 0.068270
0 0.608400 0.287150 0.107420 0.068280
0 0.607420 0.501005 0.097660 0.072290
0 0.608400 0.717370 0.107420 0.071280
0 0.607910 0.871490 0.108400 0.070280
0 0.758790 0.873995 0.107420 0.059230
0 0.760250 0.713350 0.108400 0.059240
0 0.759280 0.288155 0.108400 0.058230
0 0.758790 0.135040 0.107420 0.059240
1 0.876465 0.502010 0.237310 0.154620
