0 0.096959 0.061523 0.097482 0.058593
0 0.279870 0.059570 0.094340 0.058594
0 0.473270 0.057129 0.089100 0.059570
0 0.662470 0.060547 0.104820 0.062500
0 0.085428 0.327640 0.061843 0.061520
0 0.264675 0.327150 0.072330 0.062500
0 0.465935 0.329100 0.080710 0.062500
0 0.660375 0.331055 0.098530 0.060550
0 0.087003 0.573730 0.064993 0.055660
0 0.255765 0.602540 0.100630 0.058600
0 0.457020 0.605955 0.092240 0.055670
0 0.653040 0.608400 0.106920 0.058600
0 0.663520 0.716310 0.106920 0.057620
0 0.471175 0.716310 0.091190 0.057620
0 0.279870 0.713380 0.094340 0.063480
0 0.101675 0.708495 0.085950 0.063470
0 0.107965 0.921875 0.085950 0.054690
0 0.281970 0.931640 0.094340 0.062500
0 0.472220 0.932130 0.087000 0.061520
0 0.661945 0.933590 0.105870 0.056640
0 0.100631 0.193360 0.085958 0.029300
0 0.276730 0.191895 0.092240 0.030270
0 0.471700 0.192870 0.094340 0.032220
0 0.664570 0.194820 0.104820 0.034180
0 0.662995 0.470210 0.105870 0.034180
0 0.660380 0.825195 0.104820 0.031250
0 0.472220 0.824705 0.089100 0.032230
0 0.471695 0.470700 0.090150 0.035160
0 0.276205 0.465820 0.097490 0.035160
0 0.281970 0.824220 0.092240 0.033200
0 0.104297 0.817870 0.084905 0.032220
0 0.098009 0.460450 0.089101 0.030280
0 0.866880 0.472165 0.106920 0.030270
