0 0.235350 0.858990 0.050780 0.049360
0 0.235350 0.673325 0.050780 0.049350
0 0.235350 0.478260 0.050780 0.049360
0 0.239260 0.285545 0.050780 0.049350
0 0.245120 0.103405 0.050780 0.049349
0 0.362305 0.863105 0.080070 0.045830
0 0.360350 0.674500 0.080080 0.044660
0 0.362305 0.478260 0.080070 0.044660
0 0.365235 0.284370 0.080070 0.044660
0 0.369140 0.099883 0.080080 0.044654
0 0.507325 0.283195 0.075190 0.047010
0 0.505370 0.475910 0.075200 0.047000
0 0.510255 0.098120 0.075190 0.048179
0 0.504885 0.676260 0.072270 0.048180
0 0.504395 0.861930 0.075190 0.048180
0 0.654785 0.673325 0.092770 0.056410
0 0.655275 0.865450 0.093750 0.057580
0 0.657225 0.282610 0.093750 0.057580
0 0.635740 0.474145 0.095700 0.078730
0 0.809080 0.283195 0.067380 0.049350
1 0.949710 0.474150 0.090820 0.095180
0 0.078613 0.670975 0.034180 0.054050
0 0.078613 0.856640 0.034180 0.054060
0 0.081543 0.481785 0.034180 0.054050
0 0.086428 0.289070 0.034184 0.054060
0 0.092287 0.107523 0.034185 0.055234
0 0.811520 0.475325 0.068360 0.050530
0 0.810060 0.674500 0.067380 0.049360
