1 0.901855 0.748695 0.108390 0.070310
0 0.782225 0.750650 0.060550 0.045580
0 0.784670 0.613285 0.073240 0.044270
0 0.784670 0.532555 0.073240 0.044270
0 0.784670 0.352860 0.073240 0.049480
0 0.292965 0.343100 0.082030 0.053380
0 0.617675 0.345705 0.081050 0.053390
0 0.455565 0.343750 0.081050 0.054680
0 0.635745 0.532555 0.072270 0.044270
0 0.636235 0.613935 0.071290 0.042970
0 0.485840 0.613935 0.073240 0.042970
0 0.485840 0.530600 0.073240 0.045580
0 0.636720 0.791015 0.072260 0.042970
0 0.636230 0.709635 0.073240 0.044270
0 0.485840 0.791665 0.073240 0.044270
0 0.485350 0.709635 0.074220 0.044270
0 0.334470 0.792315 0.073240 0.045570
0 0.334470 0.710285 0.073240 0.042970
0 0.184570 0.792315 0.068360 0.045570
0 0.185060 0.710285 0.069340 0.042970
0 0.334470 0.614585 0.073240 0.044270
0 0.333985 0.531900 0.074210 0.045580
0 0.184570 0.614585 0.068360 0.044270
0 0.184570 0.531900 0.068360 0.045580
0 0.183105 0.887370 0.069330 0.045580
0 0.182620 0.970705 0.068360 0.045570
0 0.334470 0.887370 0.073240 0.045580
0 0.485355 0.886715 0.076170 0.044270
0 0.635745 0.886065 0.072270 0.042970
0 0.783205 0.886065 0.072270 0.042970
0 0.156250 0.348960 0.021480 0.052080
1 0.922360 0.619140 0.061520 0.045580
1 0.922850 0.535160 0.058600 0.036460
0 0.928710 0.883465 0.072260 0.042970
