0 0.172360 0.139095 0.090820 0.117789
0 0.174805 0.384710 0.089850 0.117800
0 0.178220 0.625315 0.090820 0.117790
0 0.176270 0.868420 0.090820 0.117800
0 0.346190 0.136592 0.090820 0.117796
0 0.346190 0.383460 0.090820 0.120300
0 0.343260 0.617795 0.090820 0.117790
0 0.347170 0.870925 0.090820 0.117790
0 0.514160 0.142858 0.096680 0.120303
0 0.515140 0.383460 0.096680 0.120300
0 0.513670 0.630325 0.097660 0.117790
0 0.517090 0.872180 0.096680 0.120300
0 0.694820 0.868420 0.102540 0.117800
0 0.695800 0.630325 0.102540 0.117790
0 0.695800 0.388470 0.102540 0.120300
0 0.693360 0.142858 0.101560 0.120303
