0 0.851920 0.589360 0.073080 0.028320
0 0.852565 0.509280 0.071790 0.028320
0 0.852565 0.428710 0.071790 0.027340
0 0.713460 0.428220 0.073080 0.028320
0 0.714100 0.589845 0.074360 0.027350
0 0.714745 0.510745 0.073070 0.031250
0 0.853845 0.846195 0.071790 0.026370
0 0.853205 0.780275 0.073070 0.027350
0 0.853205 0.718260 0.073070 0.028320
0 0.853205 0.655760 0.073070 0.028320
0 0.715385 0.846190 0.074350 0.028320
0 0.714745 0.780275 0.073070 0.027350
0 0.714740 0.718260 0.075640 0.028320
0 0.713460 0.655760 0.073080 0.028320
0 0.576285 0.846680 0.070510 0.027340
0 0.575645 0.779785 0.069230 0.028330
0 0.575645 0.717775 0.069230 0.027350
0 0.575645 0.654785 0.069230 0.028330
0 0.438460 0.846680 0.064100 0.027340
0 0.438460 0.780275 0.064100 0.027350
0 0.438460 0.717285 0.064100 0.028330
0 0.437820 0.655275 0.062820 0.027350
0 0.575645 0.508300 0.069230 0.026360
0 0.575000 0.589360 0.070520 0.028320
0 0.575645 0.427735 0.069230 0.027350
0 0.438460 0.587890 0.064100 0.027340
0 0.438460 0.507815 0.064100 0.025390
0 0.437180 0.427735 0.064100 0.027350
0 0.437180 0.361330 0.064100 0.027340
0 0.438460 0.296875 0.064100 0.027350
0 0.437180 0.233400 0.064100 0.027340
0 0.575640 0.298830 0.074360 0.029300
0 0.575000 0.361330 0.073080 0.029300
0 0.714100 0.361330 0.074360 0.029300
0 0.714100 0.298830 0.074360 0.029300
0 0.854490 0.362305 0.073080 0.029290
0 0.434615 0.936525 0.064110 0.027350
0 0.566025 0.935550 0.055130 0.027340
0 0.706410 0.935060 0.061540 0.026360
0 0.853845 0.935060 0.071790 0.026360
