0 0.201660 0.092426 0.055660 0.095767
0 0.200685 0.210465 0.055670 0.095770
0 0.200685 0.330735 0.055670 0.095770
0 0.200685 0.447660 0.055670 0.093540
0 0.202145 0.562360 0.054690 0.095760
0 0.201175 0.680405 0.054690 0.095770
0 0.201175 0.799555 0.054690 0.093550
0 0.201660 0.918705 0.055660 0.095770
0 0.286135 0.090202 0.048830 0.091317
0 0.285155 0.209350 0.048830 0.093540
0 0.285155 0.326280 0.048830 0.091320
0 0.285155 0.443210 0.048830 0.093540
0 0.284665 0.561250 0.047850 0.093540
0 0.285155 0.681515 0.048830 0.093550
0 0.286135 0.796215 0.048830 0.091310
0 0.286625 0.915370 0.047850 0.093540
0 0.369140 0.801785 0.050780 0.089090
0 0.369140 0.915365 0.050780 0.089090
0 0.368650 0.681515 0.049800 0.089090
0 0.368160 0.563475 0.050780 0.089090
0 0.370120 0.445435 0.050780 0.089090
0 0.368160 0.327395 0.050780 0.089090
0 0.369140 0.211580 0.050780 0.089080
0 0.369140 0.091316 0.050780 0.089089
0 0.453125 0.089088 0.052730 0.093544
0 0.452150 0.209350 0.052740 0.093540
0 0.452640 0.327390 0.051760 0.093540
0 0.452640 0.447660 0.051760 0.089080
0 0.451660 0.567930 0.051760 0.089080
0 0.453610 0.683745 0.051760 0.089090
0 0.453610 0.801785 0.051760 0.089090
0 0.451660 0.924275 0.051760 0.089090
0 0.536620 0.923165 0.051760 0.091310
0 0.536620 0.807350 0.051760 0.091320
0 0.537600 0.690425 0.051760 0.089090
0 0.538085 0.573495 0.052730 0.091310
0 0.538085 0.448775 0.052730 0.091310
0 0.538085 0.328505 0.052730 0.091310
0 0.536620 0.211580 0.051760 0.093540
0 0.538085 0.090202 0.052730 0.091317
0 0.620605 0.925390 0.051750 0.091320
0 0.621095 0.807350 0.052730 0.091320
0 0.622070 0.689310 0.052740 0.091320
0 0.622070 0.577950 0.052740 0.091320
0 0.622560 0.449890 0.051760 0.093540
0 0.623535 0.332965 0.051750 0.091310
0 0.623535 0.211580 0.051750 0.093540
0 0.623535 0.094654 0.051750 0.091312
0 0.706540 0.094654 0.051760 0.091312
0 0.708010 0.211580 0.052740 0.093540
0 0.707520 0.332965 0.051760 0.091310
0 0.706055 0.452120 0.052730 0.093540
0 0.706055 0.575725 0.052730 0.091310
0 0.706540 0.684855 0.051760 0.091310
0 0.705080 0.812920 0.052740 0.093540
0 0.811035 0.100224 0.069330 0.102452
0 0.811525 0.209355 0.070310 0.102450
0 0.809570 0.340755 0.070320 0.102450
0 0.809080 0.449885 0.069340 0.102450
0 0.809080 0.579065 0.069340 0.102450
0 0.808595 0.682625 0.070310 0.095770
0 0.807620 0.817370 0.068360 0.098000
0 0.927245 0.393095 0.065430 0.198210
0 0.928225 0.153674 0.065430 0.195991
0 0.117185 0.092426 0.046870 0.091309
0 0.115236 0.213810 0.044927 0.098000
0 0.115236 0.325165 0.044927 0.097990
0 0.115236 0.443205 0.044927 0.097990
0 0.116210 0.561245 0.044920 0.097990
0 0.116210 0.681515 0.044920 0.097990
0 0.116210 0.793990 0.044920 0.100220
0 0.116210 0.909800 0.044920 0.100220
