0 0.100095 0.168665 0.081050 0.090750
0 0.100095 0.833045 0.081050 0.090750
0 0.217285 0.166095 0.081050 0.092470
0 0.214355 0.837330 0.081050 0.092460
0 0.324705 0.162670 0.081050 0.092460
0 0.324705 0.832190 0.081050 0.092460
0 0.435060 0.164380 0.061520 0.089040
0 0.434080 0.833900 0.061520 0.089040
0 0.571290 0.833905 0.056640 0.071910
0 0.573240 0.160105 0.056640 0.073630
0 0.584470 0.493150 0.084960 0.075340
0 0.747560 0.492295 0.114260 0.087330
0 0.734865 0.162670 0.086910 0.071920
0 0.736815 0.827915 0.086910 0.073630
0 0.880860 0.163530 0.058600 0.066780
0 0.880860 0.828765 0.058600 0.068490
0 0.094727 0.496575 0.072266 0.219170
0 0.213375 0.499145 0.077150 0.220890
0 0.445800 0.494005 0.088860 0.083910
0 0.320800 0.496575 0.075200 0.078770
1 0.921385 0.498285 0.139650 0.198630
