0 0.187745 0.041504 0.110890 0.034180
0 0.160505 0.271970 0.110890 0.034180
0 0.160505 0.350100 0.110890 0.034180
0 0.156615 0.508300 0.110890 0.034180
0 0.156615 0.587405 0.110890 0.036130
0 0.364785 0.589355 0.122570 0.038090
0 0.360895 0.509275 0.122570 0.036130
0 0.362840 0.429200 0.122560 0.036140
0 0.366735 0.348635 0.122570 0.037110
0 0.388135 0.040528 0.122570 0.036133
0 0.366735 0.268555 0.122570 0.035150
0 0.611865 0.041504 0.130350 0.036132
0 0.598250 0.269535 0.134240 0.037110
0 0.595330 0.348635 0.136180 0.037110
0 0.592410 0.430665 0.134240 0.037110
0 0.592410 0.507815 0.134240 0.037110
0 0.593385 0.590335 0.136190 0.038090
0 0.150780 0.429685 0.099220 0.037110
0 0.135216 0.114260 0.071988 0.017580
0 0.142025 0.181155 0.093389 0.018550
0 0.137161 0.147460 0.075878 0.027340
0 0.360895 0.178225 0.126450 0.020510
0 0.363815 0.111325 0.124510 0.019530
0 0.361865 0.144530 0.124510 0.029300
0 0.585605 0.109865 0.116730 0.018550
0 0.591440 0.177735 0.128400 0.019530
0 0.585600 0.144530 0.120620 0.027340
0 0.140077 0.674805 0.093385 0.019530
0 0.136188 0.738280 0.077824 0.017580
0 0.133271 0.707035 0.075879 0.025390
0 0.358950 0.741700 0.122560 0.018560
0 0.357005 0.677245 0.122570 0.018550
0 0.358950 0.709960 0.122560 0.027340
0 0.581715 0.676270 0.124510 0.018560
0 0.583655 0.742675 0.124510 0.018550
0 0.577825 0.710450 0.116730 0.028320
0 0.179960 0.838865 0.110900 0.019530
0 0.178015 0.810545 0.110890 0.019530
0 0.181905 0.921385 0.110890 0.018550
0 0.185800 0.949215 0.110900 0.019530
0 0.388135 0.953125 0.122570 0.019530
0 0.388135 0.925785 0.122570 0.019530
0 0.383270 0.840820 0.124520 0.019540
0 0.383270 0.812500 0.124520 0.019540
0 0.608950 0.885255 0.132300 0.036130
0 0.607980 0.826175 0.134240 0.048830
0 0.611870 0.937990 0.134240 0.045900
1 0.911480 0.427735 0.149800 0.048830
0 0.787940 0.428710 0.042800 0.048820
0 0.790855 0.305180 0.044750 0.102540
0 0.794745 0.135253 0.052530 0.086913
0 0.790855 0.548340 0.044750 0.104500
0 0.797665 0.033691 0.042810 0.043945
1 0.941635 0.817385 0.101170 0.037110
