0 0.170415 0.249510 0.064110 0.057620
0 0.170415 0.420410 0.064110 0.057620
0 0.171540 0.590330 0.064120 0.057620
0 0.174915 0.923340 0.064110 0.057620
0 0.170415 0.759280 0.064110 0.057620
0 0.375705 0.078126 0.125990 0.054689
0 0.375705 0.249510 0.125990 0.055660
0 0.376265 0.422365 0.129350 0.053710
0 0.375140 0.590335 0.129360 0.053710
0 0.379080 0.760255 0.134980 0.063470
0 0.374580 0.928220 0.128240 0.061520
0 0.586615 0.592775 0.156350 0.072270
0 0.585490 0.420410 0.156360 0.073240
0 0.585490 0.248535 0.156360 0.073250
0 0.585490 0.077638 0.156360 0.073244
0 0.581550 0.764650 0.157480 0.072260
0 0.581550 0.932615 0.152980 0.072270
1 0.922950 0.584965 0.124860 0.099610
0 0.793585 0.585450 0.052870 0.108400
0 0.796400 0.439945 0.051740 0.088870
0 0.789085 0.739745 0.052870 0.065430
0 0.794715 0.285160 0.048370 0.044920
