0 0.016113 0.110717 0.024414 0.040045
0 0.013184 0.219080 0.022461 0.025920
0 0.011719 0.185510 0.017578 0.024740
0 0.011719 0.292700 0.019531 0.034160
0 0.014160 0.399885 0.022461 0.036510
0 0.009277 0.482335 0.012695 0.027090
0 0.016113 0.597765 0.022461 0.036510
0 0.016113 0.882210 0.016602 0.032980
0 0.016601 0.812135 0.023437 0.027090
0 0.013183 0.777975 0.016601 0.024730
0 0.015137 0.518255 0.022461 0.025910
0 0.017578 0.707890 0.023438 0.032980
0 0.083008 0.888695 0.031250 0.038870
0 0.080078 0.788575 0.033203 0.043590
0 0.079102 0.690225 0.031250 0.037690
0 0.079102 0.588925 0.031250 0.037690
0 0.076660 0.485280 0.034180 0.044760
0 0.077636 0.386335 0.032227 0.040050
0 0.078614 0.285040 0.032227 0.040040
0 0.077637 0.180800 0.034180 0.043580
0 0.080078 0.083626 0.029297 0.037688
0 0.172365 0.081861 0.047850 0.043579
0 0.168455 0.181980 0.047850 0.043580
0 0.167480 0.284450 0.047860 0.043580
0 0.167480 0.383390 0.047860 0.043580
0 0.173340 0.888690 0.047860 0.043580
0 0.165040 0.487040 0.046880 0.043580
0 0.168455 0.587160 0.047850 0.043580
0 0.168455 0.688460 0.047850 0.043580
0 0.169435 0.789750 0.047850 0.043580
0 0.238770 0.080682 0.026360 0.043577
0 0.236815 0.180800 0.026370 0.043580
0 0.236815 0.282100 0.026370 0.043580
0 0.233885 0.384570 0.026370 0.043580
0 0.234865 0.485870 0.026370 0.043580
0 0.234865 0.585980 0.026370 0.043580
0 0.236815 0.689635 0.026370 0.043590
0 0.236815 0.788575 0.026370 0.043590
0 0.239745 0.888100 0.026370 0.044760
0 0.325195 0.890460 0.041010 0.047120
0 0.323240 0.790340 0.041020 0.047120
0 0.323730 0.691400 0.042000 0.047120
0 0.323730 0.587750 0.042000 0.047120
0 0.322265 0.486455 0.041010 0.047110
0 0.324705 0.382805 0.041990 0.047110
0 0.326170 0.281505 0.041020 0.047110
0 0.327150 0.179030 0.041020 0.044760
0 0.327635 0.080093 0.041990 0.044755
0 0.408205 0.077740 0.041010 0.044761
0 0.407225 0.177860 0.041010 0.044760
0 0.406735 0.280330 0.041990 0.044760
0 0.405275 0.381625 0.041010 0.044750
0 0.403320 0.483510 0.041020 0.043580
0 0.404295 0.587750 0.041010 0.044760
0 0.404295 0.690220 0.041010 0.044760
0 0.404785 0.791520 0.041990 0.044760
0 0.406250 0.889280 0.041020 0.044760
0 0.489745 0.891050 0.051750 0.043580
0 0.487305 0.791520 0.050790 0.042400
0 0.489745 0.689635 0.051750 0.043590
0 0.489260 0.587750 0.050780 0.042400
0 0.488280 0.482920 0.050780 0.042400
0 0.490230 0.380450 0.050780 0.042400
0 0.492190 0.280330 0.050780 0.042400
0 0.492190 0.178445 0.050780 0.043590
0 0.494140 0.080682 0.050780 0.043577
0 0.572265 0.079507 0.042970 0.041227
0 0.569825 0.179625 0.041990 0.041230
0 0.572265 0.381035 0.042970 0.041230
0 0.572270 0.482335 0.056640 0.048290
0 0.566895 0.586575 0.041990 0.049470
0 0.564945 0.687280 0.041990 0.048300
0 0.571775 0.790340 0.053710 0.042400
0 0.564455 0.892815 0.042970 0.042410
0 0.569825 0.278560 0.043950 0.043580
0 0.652340 0.081860 0.044920 0.041221
0 0.650390 0.179625 0.044920 0.041230
0 0.650880 0.279150 0.042000 0.044760
0 0.649905 0.381035 0.043950 0.045930
0 0.741700 0.083040 0.040040 0.045939
0 0.744630 0.179030 0.040040 0.044760
0 0.821775 0.087160 0.041990 0.042400
0 0.822755 0.183745 0.041990 0.042410
0 0.823730 0.280330 0.042000 0.042400
0 0.824705 0.380450 0.041990 0.042400
0 0.743655 0.379860 0.041990 0.043580
0 0.743165 0.279150 0.042970 0.042400
0 0.742185 0.482330 0.042970 0.043580
0 0.646485 0.482330 0.042970 0.043580
0 0.647950 0.588340 0.042000 0.043580
0 0.648925 0.689635 0.041990 0.043590
0 0.739745 0.688460 0.041990 0.043580
0 0.742185 0.586570 0.042970 0.042400
0 0.824215 0.481150 0.042970 0.043580
0 0.823730 0.584220 0.042000 0.042400
0 0.822755 0.686100 0.041990 0.043580
0 0.647950 0.789750 0.042000 0.043580
0 0.648435 0.890460 0.042970 0.042400
0 0.740725 0.789750 0.041990 0.043580
0 0.741215 0.892230 0.042970 0.043580
0 0.820800 0.887515 0.042000 0.043590
0 0.822265 0.787985 0.042970 0.042410
