0 0.153490 0.081055 0.077000 0.025391
0 0.152975 0.118165 0.078030 0.027350
0 0.321865 0.101073 0.087270 0.063474
0 0.325975 0.236330 0.087270 0.035160
0 0.325460 0.299315 0.088300 0.038090
0 0.159135 0.236815 0.078030 0.036130
0 0.159135 0.299805 0.078030 0.037110
0 0.159650 0.408200 0.077000 0.039060
0 0.159650 0.488770 0.077000 0.040040
0 0.159650 0.567870 0.077000 0.040040
0 0.325975 0.408690 0.087270 0.038080
0 0.325975 0.488770 0.087270 0.040040
0 0.326490 0.568360 0.086240 0.039060
0 0.159140 0.676270 0.075980 0.038080
0 0.159140 0.739745 0.075980 0.038090
0 0.326490 0.677245 0.086240 0.038090
0 0.325975 0.739260 0.087270 0.039060
0 0.670430 0.680665 0.082140 0.041010
0 0.669405 0.743165 0.082130 0.041010
0 0.494355 0.740725 0.091370 0.038090
0 0.494865 0.677735 0.090350 0.039070
0 0.670945 0.570800 0.079050 0.043940
0 0.670430 0.491210 0.080080 0.041020
0 0.494865 0.570315 0.090350 0.042970
0 0.494865 0.489745 0.090350 0.036130
0 0.495380 0.409670 0.091380 0.040040
0 0.494865 0.299805 0.090350 0.037110
0 0.495380 0.238285 0.091380 0.037110
0 0.670945 0.240725 0.081110 0.038090
0 0.670945 0.301755 0.081110 0.037110
0 0.671460 0.410640 0.080080 0.040040
0 0.842405 0.242680 0.093430 0.040040
0 0.842915 0.304690 0.094450 0.039060
0 0.841375 0.410645 0.095490 0.045890
0 0.840865 0.575680 0.096510 0.040040
0 0.842915 0.681640 0.094450 0.039060
0 0.843430 0.743165 0.095480 0.037110
0 0.491785 0.102051 0.090350 0.063478
0 0.666840 0.084961 0.083160 0.025390
0 0.667350 0.123050 0.082140 0.023440
0 0.835215 0.104493 0.109850 0.064454
0 0.154515 0.864260 0.074950 0.027340
0 0.154515 0.903320 0.074950 0.029300
0 0.323410 0.880860 0.086240 0.064460
0 0.494350 0.882815 0.089320 0.064450
0 0.668380 0.864745 0.082140 0.026370
0 0.668380 0.902830 0.080080 0.028320
0 0.835215 0.889645 0.109850 0.070310
1 0.891680 0.493650 0.171460 0.055660
