0 0.089355 0.193600 0.036131 0.232319
0 0.089355 0.506735 0.036131 0.232330
0 0.089843 0.826600 0.035154 0.232320
0 0.147460 0.824915 0.035160 0.228950
0 0.145995 0.510100 0.036130 0.232320
0 0.146975 0.190237 0.036130 0.232326
0 0.198240 0.193600 0.027340 0.232319
0 0.198240 0.510100 0.027340 0.232320
0 0.199220 0.829965 0.027340 0.232330
0 0.257815 0.846800 0.042970 0.232320
0 0.317870 0.846805 0.040040 0.225590
0 0.377440 0.846805 0.040040 0.225590
0 0.437010 0.850165 0.040040 0.225590
0 0.495605 0.846805 0.040030 0.225590
0 0.553220 0.846805 0.040040 0.225590
0 0.612790 0.846805 0.040040 0.225590
0 0.671390 0.843435 0.040040 0.225590
0 0.727050 0.835015 0.040040 0.228950
0 0.786620 0.840065 0.040040 0.225590
0 0.253910 0.129630 0.039060 0.077441
0 0.254395 0.291250 0.038090 0.077440
0 0.255370 0.449495 0.038080 0.077450
0 0.255370 0.614480 0.038080 0.077440
0 0.312010 0.132998 0.038080 0.077444
0 0.312010 0.291250 0.038080 0.077440
0 0.312500 0.452860 0.039060 0.077440
0 0.312990 0.614480 0.038080 0.077440
0 0.370605 0.132998 0.038090 0.077444
0 0.371580 0.291250 0.038080 0.077440
0 0.370605 0.452860 0.038090 0.077440
0 0.371580 0.614480 0.038080 0.077440
0 0.431155 0.614480 0.038090 0.077440
0 0.431640 0.452860 0.039060 0.077440
0 0.430665 0.294610 0.039070 0.077440
0 0.429690 0.132998 0.039060 0.077444
0 0.488280 0.129630 0.039060 0.077441
0 0.490725 0.294610 0.038090 0.077440
0 0.490725 0.456230 0.038090 0.077440
0 0.492190 0.611110 0.039060 0.077440
0 0.549805 0.614480 0.039070 0.077440
0 0.549315 0.452860 0.038090 0.077440
0 0.548830 0.291250 0.039060 0.077440
0 0.547850 0.132998 0.039060 0.077444
0 0.607420 0.136361 0.039060 0.077437
0 0.607910 0.294610 0.038080 0.077440
0 0.609375 0.456230 0.039070 0.077440
0 0.608400 0.617845 0.039060 0.077450
0 0.667480 0.614480 0.038080 0.077440
0 0.667480 0.456230 0.038080 0.077440
0 0.666015 0.291250 0.039070 0.077440
0 0.665525 0.136361 0.038090 0.077437
0 0.723145 0.136361 0.038090 0.077437
0 0.724120 0.294610 0.038080 0.077440
0 0.725095 0.452860 0.038090 0.077440
0 0.725585 0.607740 0.039070 0.077440
0 0.783200 0.614480 0.039060 0.077440
0 0.782715 0.452860 0.038090 0.077440
0 0.782230 0.297980 0.039060 0.077440
0 0.781250 0.136361 0.039060 0.077437
0 0.842775 0.215490 0.041010 0.228960
0 0.895020 0.215490 0.040040 0.228960
