0 0.289550 0.203515 0.073240 0.085430
0 0.288085 0.494975 0.072270 0.085430
0 0.285645 0.781405 0.073250 0.085430
0 0.395020 0.201005 0.073240 0.085430
0 0.395020 0.484925 0.073240 0.085430
0 0.394040 0.785175 0.073240 0.082910
0 0.501955 0.775130 0.076170 0.087940
0 0.502440 0.491210 0.075200 0.087940
0 0.503420 0.201005 0.075200 0.085430
0 0.623535 0.201005 0.094730 0.100510
0 0.624515 0.492460 0.094730 0.100500
0 0.622560 0.775130 0.094720 0.108040
0 0.753905 0.203520 0.089850 0.115580
0 0.752930 0.489950 0.089840 0.115580
0 0.751955 0.773870 0.089850 0.115580
0 0.179200 0.113068 0.049800 0.040205
0 0.179200 0.292715 0.049800 0.042710
0 0.177735 0.404520 0.048830 0.040200
0 0.176755 0.580400 0.048830 0.040200
0 0.177245 0.693470 0.049810 0.040200
0 0.175780 0.874375 0.050780 0.050250
0 0.178710 0.202265 0.050780 0.097990
0 0.176760 0.491205 0.050780 0.097990
0 0.175780 0.780155 0.050780 0.097990
1 0.933595 0.487435 0.123050 0.201010
