0 0.133815 0.691895 0.045690 0.018550
0 0.133815 0.625980 0.045690 0.017580
0 0.135115 0.603515 0.045690 0.017570
0 0.136425 0.529300 0.045690 0.017580
0 0.136425 0.507810 0.045690 0.017580
0 0.136420 0.428710 0.043080 0.017580
0 0.135120 0.407230 0.043080 0.017580
0 0.136420 0.333010 0.043080 0.017580
0 0.136420 0.311520 0.043080 0.017580
0 0.136420 0.246090 0.043080 0.017580
0 0.253915 0.245120 0.063970 0.027340
0 0.252615 0.301270 0.063970 0.028320
0 0.252615 0.341795 0.063970 0.027350
0 0.251305 0.397950 0.063970 0.028320
0 0.251305 0.439450 0.063970 0.027340
0 0.251305 0.497070 0.063970 0.027340
0 0.251305 0.537600 0.063970 0.028320
0 0.250000 0.594240 0.063960 0.028320
0 0.250000 0.635250 0.063960 0.028320
0 0.249345 0.692380 0.065270 0.027340
0 0.384465 0.692870 0.074410 0.032220
0 0.385770 0.635255 0.074420 0.032230
0 0.385770 0.595215 0.074420 0.032230
0 0.386420 0.538085 0.075720 0.033210
0 0.385770 0.498535 0.074420 0.032230
0 0.385770 0.440915 0.074420 0.032230
0 0.385770 0.400880 0.074420 0.032220
0 0.387075 0.343750 0.074410 0.033200
0 0.387730 0.303220 0.075720 0.034180
0 0.388380 0.246585 0.074420 0.032230
0 0.511750 0.693360 0.088780 0.033200
0 0.513055 0.636230 0.088770 0.032220
0 0.519580 0.596190 0.104440 0.032220
0 0.511750 0.538575 0.088780 0.032230
0 0.511750 0.498535 0.086160 0.032230
0 0.511095 0.440915 0.084850 0.032230
0 0.513055 0.400880 0.086170 0.032220
0 0.522845 0.344235 0.105750 0.032230
0 0.511745 0.303225 0.083550 0.032230
0 0.513055 0.246585 0.083550 0.032230
0 0.654050 0.244630 0.075720 0.032220
0 0.653395 0.302245 0.074410 0.032230
0 0.652740 0.342775 0.075720 0.033210
0 0.652740 0.398925 0.075720 0.032230
0 0.652090 0.440430 0.074420 0.033200
0 0.652090 0.497560 0.074420 0.032220
0 0.652090 0.538575 0.077020 0.032230
0 0.652090 0.594725 0.077020 0.031250
0 0.653395 0.636715 0.077030 0.031250
0 0.653395 0.693845 0.077030 0.032230
0 0.400130 0.774415 0.074420 0.023430
0 0.527415 0.776855 0.093990 0.026370
0 0.659270 0.779785 0.075720 0.020510
0 0.264360 0.778320 0.053520 0.021480
0 0.275455 0.797365 0.054830 0.012690
