0 0.176595 0.166015 0.067870 0.029290
0 0.175205 0.200195 0.067870 0.029290
0 0.174515 0.235350 0.069250 0.029300
0 0.173825 0.270995 0.067870 0.030270
0 0.172435 0.307130 0.067870 0.030280
0 0.171745 0.342285 0.069250 0.030270
0 0.171745 0.379395 0.069250 0.030270
0 0.167590 0.462405 0.069260 0.030270
0 0.167590 0.498535 0.069260 0.030270
0 0.164820 0.535155 0.069260 0.029290
0 0.168975 0.620605 0.069250 0.030270
0 0.168975 0.656740 0.069250 0.030280
0 0.170360 0.692870 0.069260 0.030280
0 0.170360 0.729980 0.069260 0.030280
0 0.171745 0.765135 0.069250 0.030270
0 0.170360 0.802245 0.069260 0.030270
0 0.171745 0.838380 0.069250 0.030280
0 0.313020 0.785645 0.077560 0.026370
0 0.313020 0.753415 0.077560 0.026370
0 0.311635 0.672850 0.077570 0.027340
0 0.312330 0.639160 0.076180 0.026360
0 0.311635 0.498535 0.077570 0.034170
0 0.311635 0.358400 0.077570 0.027340
0 0.313020 0.326170 0.077560 0.027340
0 0.311635 0.247560 0.077570 0.026360
0 0.313020 0.213870 0.077560 0.027340
0 0.308865 0.100587 0.077570 0.027346
0 0.450830 0.100583 0.095560 0.023433
0 0.454990 0.213870 0.092800 0.027340
0 0.454295 0.243165 0.091410 0.027350
0 0.454990 0.326170 0.092800 0.027340
0 0.453600 0.357420 0.092800 0.027340
0 0.455680 0.639650 0.091420 0.027340
0 0.456370 0.672850 0.092800 0.027340
0 0.456370 0.754880 0.092800 0.027340
0 0.456370 0.788085 0.092800 0.027350
0 0.454295 0.917970 0.096950 0.027340
0 0.454295 0.498045 0.099730 0.037110
0 0.608035 0.098634 0.096950 0.031252
0 0.609420 0.229980 0.105260 0.043940
0 0.610110 0.342285 0.106640 0.043950
0 0.609420 0.498535 0.099720 0.043950
0 0.612190 0.656740 0.105260 0.043940
0 0.612880 0.771975 0.106640 0.043950
0 0.613575 0.919920 0.096950 0.027340
0 0.167590 0.081055 0.072020 0.027344
0 0.172435 0.113280 0.073410 0.027341
0 0.168975 0.931640 0.072030 0.027340
0 0.171745 0.897460 0.072030 0.027340
0 0.312330 0.917970 0.076180 0.023440
0 0.313710 0.463375 0.076180 0.020510
0 0.312330 0.532715 0.076180 0.020510
0 0.473685 0.461910 0.063710 0.017580
0 0.473685 0.535160 0.063710 0.017580
0 0.833105 0.919430 0.090030 0.022460
