0 0.201090 0.261720 0.027360 0.039060
0 0.202460 0.392090 0.027360 0.038080
0 0.201775 0.523440 0.025990 0.039060
0 0.202460 0.657715 0.027360 0.038090
0 0.377565 0.263185 0.147750 0.057610
0 0.378245 0.394040 0.149110 0.057620
0 0.378245 0.526370 0.149110 0.056640
0 0.376200 0.657715 0.147740 0.057610
0 0.667580 0.263185 0.147740 0.057610
0 0.666210 0.394040 0.147740 0.057620
0 0.668265 0.526370 0.149110 0.056640
0 0.668950 0.658200 0.147740 0.056640
0 0.375515 0.088380 0.138170 0.057620
0 0.661425 0.087892 0.160050 0.058596
0 0.362520 0.827635 0.068400 0.081050
0 0.569085 0.850585 0.169630 0.097650
0 0.811900 0.851070 0.173740 0.096680
0 0.812585 0.784670 0.175110 0.024420
0 0.575240 0.784670 0.173740 0.024420
0 0.181940 0.088379 0.027360 0.040041
