0 0.358955 0.106934 0.177370 0.047852
0 0.385135 0.248050 0.121630 0.033200
0 0.385980 0.332030 0.123320 0.033200
0 0.384295 0.413570 0.123310 0.034180
0 0.385980 0.498050 0.123320 0.033200
0 0.387665 0.581055 0.123310 0.033210
0 0.386825 0.663085 0.121630 0.033210
0 0.385980 0.746580 0.123320 0.034180
0 0.363180 0.884275 0.168920 0.043950
0 0.600505 0.883300 0.157090 0.043940
0 0.613175 0.747560 0.121630 0.034180
0 0.617395 0.663570 0.123310 0.034180
0 0.617395 0.581540 0.123310 0.034180
0 0.615705 0.497560 0.123310 0.034180
0 0.616550 0.412110 0.121620 0.033200
0 0.619085 0.247560 0.123310 0.034180
0 0.602195 0.108399 0.157090 0.044922
0 0.864865 0.886720 0.148650 0.046880
0 0.867400 0.748535 0.140200 0.040030
0 0.865710 0.663575 0.140200 0.038090
0 0.865710 0.579590 0.140200 0.038080
0 0.865710 0.497560 0.140200 0.038080
0 0.869935 0.248045 0.141890 0.037110
1 0.893580 0.107909 0.199320 0.043942
