0 0.293460 0.263020 0.061520 0.041660
0 0.293460 0.351565 0.061520 0.041670
0 0.426755 0.262370 0.064450 0.040360
0 0.426755 0.350260 0.064450 0.041660
0 0.293460 0.451170 0.061520 0.040360
0 0.293950 0.540365 0.062500 0.039070
0 0.426270 0.451825 0.063480 0.041670
0 0.426760 0.541015 0.062500 0.040370
0 0.293460 0.640625 0.061520 0.041670
0 0.292970 0.729820 0.060540 0.040360
0 0.425780 0.639975 0.062500 0.042970
0 0.425780 0.730470 0.062500 0.039060
0 0.560545 0.639975 0.064450 0.042970
0 0.560545 0.731120 0.064450 0.040360
0 0.697755 0.640625 0.063470 0.041670
0 0.698245 0.731770 0.064450 0.041660
0 0.548830 0.451175 0.041020 0.042970
0 0.549315 0.540365 0.041990 0.041670
0 0.689940 0.452475 0.049800 0.040370
0 0.690920 0.541015 0.049800 0.040370
0 0.560545 0.261065 0.064450 0.042970
0 0.560545 0.351565 0.064450 0.041670
0 0.697265 0.263020 0.064450 0.041660
0 0.696780 0.351565 0.063480 0.041670
0 0.832515 0.262370 0.065430 0.040360
0 0.832030 0.352215 0.066400 0.040370
0 0.833005 0.451820 0.064450 0.039060
0 0.832030 0.541015 0.064460 0.040370
0 0.832030 0.639975 0.066400 0.040370
0 0.835450 0.731770 0.040040 0.041660
1 0.931640 0.731770 0.089840 0.057300
0 0.304685 0.143230 0.060550 0.041660
0 0.303710 0.065104 0.060540 0.041667
0 0.422365 0.144530 0.036130 0.041660
0 0.421385 0.065755 0.036130 0.040365
0 0.561035 0.144530 0.043950 0.041660
0 0.699710 0.145180 0.051760 0.040360
0 0.149415 0.727215 0.025390 0.040370
0 0.149415 0.635415 0.025390 0.041670
0 0.150395 0.535805 0.025390 0.040370
0 0.149905 0.449220 0.024410 0.041660
0 0.150395 0.348955 0.025390 0.041670
1 0.948735 0.451825 0.053710 0.033850
0 0.290530 0.874345 0.067380 0.042970
0 0.290530 0.930990 0.067380 0.041660
0 0.423830 0.902345 0.074220 0.041670
0 0.423340 0.863280 0.075200 0.020840
0 0.529785 0.863280 0.026370 0.023440
0 0.529785 0.895185 0.026370 0.029950
0 0.570800 0.863280 0.045900 0.023440
0 0.571290 0.895835 0.046880 0.028650
