0 0.224390 0.088867 0.115100 0.054687
0 0.220695 0.288575 0.114050 0.053710
0 0.222810 0.491210 0.114040 0.054680
0 0.223865 0.690430 0.114050 0.054680
0 0.230730 0.884765 0.115100 0.054690
0 0.527980 0.087402 0.145720 0.063476
0 0.529040 0.288085 0.145720 0.064450
0 0.527980 0.491210 0.145720 0.064460
0 0.529040 0.692385 0.145720 0.064450
0 0.531150 0.885745 0.145720 0.064450
0 0.867475 0.090818 0.131990 0.128903
0 0.868005 0.290530 0.133050 0.129880
0 0.869590 0.691405 0.132000 0.128910
0 0.860615 0.886230 0.133050 0.129880
0 0.733895 0.089354 0.076030 0.131832
0 0.736535 0.289550 0.077090 0.131840
0 0.733895 0.693850 0.076030 0.131840
0 0.733370 0.887210 0.074980 0.124020
1 0.857445 0.489255 0.259770 0.105470
