0 0.092773 0.152882 0.041014 0.150376
0 0.091306 0.493735 0.041988 0.145370
0 0.089844 0.842105 0.042971 0.145370
0 0.205080 0.159151 0.058600 0.157899
0 0.204100 0.500000 0.058600 0.157900
0 0.200195 0.842105 0.058590 0.160410
0 0.334475 0.487470 0.075190 0.122800
0 0.333985 0.151628 0.074210 0.122804
0 0.334960 0.818295 0.074220 0.122810
0 0.438480 0.815790 0.074220 0.122800
0 0.439450 0.479950 0.074220 0.122800
0 0.437990 0.151628 0.075200 0.122804
0 0.538090 0.815790 0.068360 0.122800
0 0.538090 0.482455 0.068360 0.122810
0 0.537110 0.150378 0.068360 0.120304
0 0.640625 0.150378 0.068350 0.120304
0 0.640625 0.487470 0.068350 0.122800
0 0.641600 0.814540 0.068360 0.120300
1 0.906740 0.486215 0.143560 0.185470
0 0.769530 0.154135 0.046880 0.097750
0 0.770995 0.830825 0.047850 0.097750
