0 0.163575 0.200000 0.092770 0.113160
0 0.163575 0.511840 0.092770 0.113160
0 0.165525 0.822370 0.092770 0.113160
0 0.319335 0.823685 0.101570 0.121050
0 0.318845 0.511185 0.100590 0.122370
0 0.320310 0.196710 0.101560 0.122360
0 0.486330 0.196710 0.113280 0.127640
0 0.488280 0.510525 0.113280 0.128950
0 0.486330 0.824340 0.115240 0.125000
0 0.661135 0.823025 0.121090 0.127630
0 0.663085 0.511185 0.121090 0.127630
0 0.664065 0.195395 0.121090 0.127630
1 0.890625 0.512500 0.195310 0.164480
1 0.915530 0.199997 0.141600 0.215785
0 0.064453 0.488815 0.017578 0.011850
0 0.064941 0.532240 0.016601 0.011840
0 0.064941 0.200655 0.016601 0.059210
0 0.065918 0.823025 0.016602 0.059210
