0 0.076333 0.069824 0.078513 0.049805
0 0.074153 0.167480 0.078514 0.051760
0 0.070337 0.268070 0.079606 0.051760
0 0.068702 0.371580 0.078516 0.051760
0 0.066521 0.466310 0.078517 0.051760
0 0.068156 0.574710 0.079607 0.051760
0 0.070883 0.661620 0.078515 0.051760
0 0.072517 0.753905 0.079605 0.052730
0 0.079064 0.889160 0.079612 0.051760
0 0.226830 0.896485 0.085060 0.050790
0 0.221370 0.758790 0.085060 0.050780
0 0.220280 0.667965 0.085060 0.054690
0 0.217010 0.577635 0.085060 0.053710
0 0.214830 0.469725 0.085060 0.054690
0 0.214830 0.375000 0.085060 0.054680
0 0.217010 0.268065 0.085060 0.053710
0 0.218100 0.166995 0.085060 0.054690
0 0.221370 0.067383 0.085060 0.054688
0 0.367500 0.067383 0.085060 0.054688
0 0.367500 0.166015 0.085060 0.054690
0 0.366410 0.269045 0.091600 0.055670
0 0.369135 0.375975 0.090510 0.054690
0 0.367500 0.472170 0.091600 0.055660
0 0.369685 0.580565 0.091610 0.055670
0 0.371865 0.669435 0.091610 0.055670
0 0.375135 0.757325 0.091610 0.055670
0 0.379500 0.897950 0.091600 0.055660
0 0.531625 0.900390 0.090510 0.054680
0 0.529445 0.763185 0.090510 0.055670
0 0.527810 0.671875 0.091600 0.054690
0 0.524540 0.584470 0.091600 0.055660
0 0.522355 0.475585 0.091610 0.054690
0 0.523445 0.377440 0.091610 0.055660
0 0.520175 0.270995 0.091610 0.055670
0 0.518535 0.167480 0.090510 0.055660
0 0.517990 0.068360 0.091600 0.052735
0 0.667395 0.069824 0.091610 0.049805
0 0.670665 0.167970 0.091610 0.050780
0 0.673395 0.271975 0.090510 0.049810
0 0.674485 0.378420 0.092690 0.055660
0 0.676665 0.475100 0.092690 0.055660
0 0.679390 0.583985 0.098140 0.054690
0 0.679390 0.672855 0.098140 0.054690
0 0.681570 0.762210 0.098140 0.055660
0 0.681570 0.898925 0.098140 0.055670
0 0.821155 0.098144 0.091610 0.122071
0 0.828245 0.244630 0.092690 0.143560
0 0.833695 0.426760 0.092690 0.113280
1 0.953655 0.424805 0.086150 0.111330
1 0.940025 0.098631 0.113410 0.119138
0 0.940025 0.244630 0.106870 0.147460
0 0.947655 0.608890 0.100330 0.125980
0 0.947110 0.758785 0.101420 0.144530
0 0.946565 0.909180 0.104690 0.128900
