0 0.247395 0.263185 0.057290 0.043950
0 0.246745 0.210450 0.058590 0.043940
0 0.247395 0.391115 0.057290 0.043950
0 0.248695 0.444825 0.057290 0.043950
0 0.389325 0.211915 0.057290 0.044930
0 0.389325 0.264160 0.057290 0.043940
0 0.389325 0.392090 0.057290 0.043940
0 0.389325 0.443850 0.057290 0.043940
0 0.246095 0.080078 0.057290 0.044923
0 0.514325 0.212890 0.057290 0.044920
0 0.514325 0.264650 0.057290 0.044920
0 0.513025 0.392580 0.057290 0.044920
0 0.514975 0.444825 0.058590 0.043950
0 0.247395 0.572265 0.057290 0.044930
0 0.247395 0.625000 0.057290 0.044920
0 0.247395 0.749020 0.057290 0.044920
0 0.248695 0.801760 0.057290 0.044920
0 0.390625 0.800785 0.057290 0.042970
0 0.390625 0.747560 0.057290 0.043940
0 0.389325 0.625975 0.057290 0.042970
0 0.391275 0.573245 0.058590 0.042970
0 0.638025 0.446290 0.057290 0.044920
0 0.637370 0.393065 0.061200 0.043950
0 0.638020 0.573730 0.062500 0.043940
0 0.637370 0.626465 0.061200 0.043950
0 0.513670 0.573730 0.061200 0.043940
0 0.513670 0.626465 0.061200 0.043950
0 0.514320 0.748535 0.062500 0.043950
0 0.513670 0.801270 0.061200 0.043940
0 0.637370 0.748535 0.061200 0.043950
0 0.637370 0.801755 0.061200 0.042970
0 0.538410 0.927735 0.058600 0.031250
0 0.417315 0.927735 0.058590 0.031250
0 0.248045 0.937010 0.055990 0.034180
0 0.637370 0.266115 0.061200 0.041990
0 0.637370 0.214355 0.061200 0.041990
0 0.802730 0.446775 0.087240 0.041990
0 0.802730 0.395505 0.087240 0.042970
0 0.802730 0.574215 0.087240 0.042970
0 0.802730 0.626955 0.087240 0.042970
0 0.802730 0.266605 0.087240 0.042970
0 0.804040 0.213865 0.087240 0.042970
0 0.803385 0.749025 0.085930 0.042970
0 0.803385 0.801270 0.085930 0.042000
