1 0.933595 0.405600 0.095710 0.071620
0 0.672850 0.476560 0.078120 0.088540
0 0.525390 0.477215 0.076180 0.089850
0 0.526365 0.264975 0.076170 0.089850
0 0.674320 0.263670 0.079100 0.089840
0 0.820310 0.261070 0.080080 0.084640
0 0.819825 0.408850 0.081050 0.062500
0 0.819825 0.544270 0.081050 0.059900
0 0.819335 0.692060 0.082030 0.087240
0 0.671875 0.691410 0.080070 0.088540
0 0.523435 0.692710 0.076170 0.091140
0 0.379885 0.693360 0.076170 0.089840
0 0.232910 0.722005 0.075200 0.037770
0 0.233395 0.667970 0.076170 0.036460
0 0.380860 0.477215 0.076180 0.089850
0 0.235355 0.503260 0.076170 0.037760
0 0.235355 0.449870 0.076170 0.035160
0 0.381350 0.264975 0.075200 0.089850
0 0.236325 0.292320 0.076170 0.035160
0 0.236325 0.238930 0.076170 0.035160
0 0.250975 0.029948 0.078130 0.054688
0 0.189455 0.940755 0.076170 0.089850
1 0.944825 0.543620 0.083010 0.074220
1 0.945800 0.261720 0.081060 0.091140
1 0.944335 0.692710 0.082030 0.096360
0 0.338380 0.937500 0.086920 0.088540
