0 0.341875 0.134765 0.113750 0.048830
0 0.345000 0.274900 0.112500 0.049800
0 0.345000 0.392575 0.112500 0.048830
0 0.552500 0.136230 0.115000 0.047860
0 0.553125 0.274905 0.113750 0.047850
0 0.553125 0.393555 0.113750 0.048830
0 0.343125 0.510255 0.113750 0.049810
0 0.343125 0.628905 0.113750 0.048830
0 0.339375 0.769045 0.116250 0.047850
0 0.552500 0.509280 0.115000 0.049800
0 0.552500 0.627930 0.115000 0.048820
0 0.551250 0.767575 0.115000 0.048830
0 0.755000 0.508790 0.117500 0.048820
0 0.755000 0.627440 0.120000 0.049800
0 0.753125 0.766115 0.118750 0.049810
0 0.755000 0.136715 0.117500 0.048830
0 0.755625 0.274415 0.116250 0.048830
0 0.755000 0.392090 0.115000 0.049800
0 0.223750 0.275390 0.030000 0.041020
0 0.221875 0.137210 0.031250 0.040040
0 0.224375 0.393070 0.033750 0.040040
0 0.223125 0.510250 0.033750 0.040040
0 0.221875 0.629395 0.033750 0.040030
0 0.216875 0.771485 0.036250 0.044930
0 0.243750 0.929200 0.022500 0.026360
0 0.945625 0.584965 0.098750 0.048830
0 0.945625 0.760745 0.098750 0.048830
0 0.945625 0.316405 0.098750 0.048830
0 0.946875 0.136715 0.098750 0.048830
