0 0.421505 0.089844 0.075190 0.031251
0 0.420845 0.162105 0.076510 0.031250
0 0.418865 0.234375 0.075190 0.031250
0 0.418865 0.297365 0.075190 0.030270
0 0.411610 0.369145 0.081800 0.031250
0 0.417550 0.444335 0.075200 0.031250
0 0.416890 0.527345 0.076520 0.031250
0 0.416230 0.610355 0.075200 0.031250
0 0.411610 0.684575 0.079160 0.031250
0 0.418865 0.755855 0.075190 0.031250
0 0.420185 0.824215 0.075190 0.031250
0 0.418865 0.889160 0.075190 0.030280
0 0.420185 0.955565 0.075190 0.030270
0 0.550790 0.089844 0.075200 0.031251
0 0.550790 0.160155 0.075200 0.031250
0 0.552770 0.235355 0.076520 0.031250
0 0.550790 0.298825 0.075200 0.031250
0 0.548150 0.367185 0.075200 0.031250
0 0.546175 0.686525 0.076510 0.031250
0 0.549470 0.755855 0.075200 0.031250
0 0.548150 0.821775 0.075200 0.030270
0 0.549470 0.887695 0.075200 0.031250
0 0.548150 0.954105 0.075200 0.031250
0 0.670185 0.822265 0.060690 0.027350
0 0.670185 0.887210 0.060690 0.028320
0 0.667545 0.953610 0.060690 0.028320
0 0.671505 0.755860 0.060690 0.027340
0 0.671505 0.686525 0.060690 0.027350
0 0.674145 0.611820 0.060690 0.028320
0 0.672825 0.527830 0.060690 0.028320
0 0.674145 0.442870 0.060690 0.028320
0 0.674145 0.368650 0.060690 0.028320
0 0.676780 0.298340 0.060680 0.028320
0 0.675460 0.235350 0.060680 0.027340
0 0.672825 0.090331 0.060690 0.028318
0 0.550130 0.444335 0.073880 0.035150
0 0.546835 0.527345 0.080470 0.035150
0 0.548150 0.611330 0.077840 0.035160
0 0.297490 0.177735 0.040900 0.019530
0 0.293535 0.284665 0.040890 0.020510
0 0.293535 0.880855 0.040890 0.019530
0 0.292215 0.777835 0.040890 0.020510
0 0.277705 0.525880 0.032990 0.036140
1 0.712400 0.163575 0.137200 0.061530
