0 0.234710 0.057129 0.147940 0.038086
0 0.224040 0.213380 0.146520 0.038080
0 0.214795 0.381835 0.147930 0.037110
0 0.211240 0.559570 0.146520 0.041020
0 0.217640 0.735840 0.147940 0.038080
0 0.228305 0.911620 0.146510 0.038080
0 0.559030 0.557125 0.182080 0.041990
0 0.559030 0.376955 0.182080 0.042970
0 0.559035 0.052246 0.176390 0.038086
0 0.556185 0.207520 0.176390 0.038080
0 0.563300 0.733395 0.184920 0.042970
0 0.563300 0.912595 0.176380 0.041990
0 0.887625 0.550780 0.162170 0.058600
0 0.879090 0.906740 0.156480 0.051760
0 0.886200 0.728515 0.159320 0.058590
0 0.881935 0.374515 0.162170 0.059570
0 0.871975 0.207035 0.156470 0.054690
0 0.863440 0.048828 0.150780 0.050781
