0 0.638670 0.897380 0.142580 0.074240
0 0.640140 0.737265 0.141600 0.074230
0 0.636230 0.567685 0.141600 0.081510
0 0.638180 0.402475 0.141600 0.082970
0 0.631835 0.234350 0.128910 0.078600
0 0.630860 0.067684 0.128900 0.074232
0 0.404300 0.903200 0.130860 0.080060
0 0.402340 0.738720 0.130860 0.080060
0 0.385740 0.566955 0.095700 0.082970
0 0.386230 0.399560 0.102540 0.080060
0 0.400880 0.228530 0.129880 0.078600
0 0.405760 0.061137 0.129880 0.078606
0 0.178225 0.058952 0.122070 0.068414
0 0.176270 0.228530 0.120120 0.072780
0 0.173340 0.397380 0.120120 0.072780
0 0.171875 0.567690 0.121090 0.072780
0 0.173340 0.737265 0.124020 0.074230
0 0.176755 0.905390 0.123050 0.072780
1 0.925780 0.078603 0.119140 0.101894
0 0.833985 0.240900 0.046870 0.106260
0 0.831545 0.077872 0.047850 0.106255
0 0.828125 0.885735 0.042970 0.100430
0 0.829590 0.727800 0.042000 0.098980
