0 0.172435 0.100100 0.119230 0.057621
0 0.164745 0.293460 0.119230 0.057620
0 0.160895 0.479980 0.119230 0.057620
0 0.162175 0.677245 0.119230 0.057610
0 0.169875 0.865720 0.119230 0.057620
0 0.418590 0.866700 0.137180 0.057620
0 0.414740 0.676270 0.137180 0.057620
0 0.414100 0.480960 0.135900 0.057620
0 0.420510 0.096191 0.135900 0.057617
0 0.415385 0.292480 0.135890 0.057620
0 0.677565 0.100098 0.132050 0.055664
0 0.678205 0.292480 0.141030 0.063480
0 0.682050 0.482910 0.138460 0.063480
0 0.679490 0.675290 0.138460 0.063480
0 0.679490 0.863770 0.138460 0.055660
0 0.911540 0.478520 0.153840 0.062500
0 0.911540 0.671870 0.153840 0.062500
0 0.916025 0.297365 0.134610 0.047850
0 0.890385 0.236820 0.065390 0.028320
1 0.912180 0.858400 0.150000 0.056640
1 0.880770 0.100098 0.200000 0.100585
