0 0.369630 0.278650 0.067380 0.049480
0 0.368165 0.344400 0.066410 0.048180
0 0.505370 0.314455 0.067380 0.079430
0 0.376955 0.531250 0.066410 0.067700
0 0.378415 0.639320 0.065430 0.049480
0 0.378415 0.702475 0.065430 0.048170
0 0.513185 0.703775 0.067390 0.048170
0 0.512210 0.641275 0.067380 0.048170
0 0.510745 0.533855 0.066410 0.065110
0 0.642580 0.537110 0.066400 0.066400
0 0.781250 0.544270 0.066400 0.065100
0 0.643065 0.643230 0.065430 0.046880
0 0.644040 0.707030 0.067380 0.046880
0 0.783690 0.651695 0.067380 0.042970
0 0.782715 0.708985 0.067390 0.042970
0 0.908695 0.655595 0.065430 0.042970
0 0.909180 0.709635 0.066400 0.044270
0 0.906735 0.548175 0.065430 0.065110
0 0.897460 0.340495 0.058600 0.076830
0 0.780275 0.334635 0.066410 0.088550
0 0.638675 0.317705 0.066410 0.080730
0 0.379885 0.809900 0.066410 0.049480
0 0.380860 0.873700 0.066400 0.049480
0 0.514165 0.813150 0.065430 0.048180
0 0.514165 0.876300 0.065430 0.049480
0 0.644530 0.813150 0.066400 0.048180
0 0.645015 0.876300 0.065430 0.049480
0 0.783695 0.820965 0.065430 0.042970
0 0.784665 0.876955 0.065430 0.042970
0 0.909665 0.821615 0.065430 0.041670
0 0.897950 0.287765 0.063480 0.018230
0 0.900390 0.386715 0.062500 0.007810
