0 0.416995 0.284385 0.191410 0.102850
0 0.416505 0.492565 0.188470 0.107810
0 0.416505 0.699505 0.190430 0.105330
0 0.745115 0.278190 0.207030 0.110280
0 0.747070 0.486990 0.208980 0.109040
0 0.748050 0.700125 0.210940 0.111530
0 0.136719 0.284385 0.107422 0.073110
0 0.135741 0.490085 0.107419 0.073110
0 0.134279 0.699505 0.108402 0.073110
0 0.046386 0.393435 0.022461 0.013630
0 0.046875 0.411405 0.023438 0.014870
0 0.046875 0.433085 0.023438 0.016110
0 0.046875 0.452295 0.023438 0.014870
0 0.046875 0.473975 0.023438 0.016110
0 0.045899 0.493185 0.023437 0.014870
0 0.046387 0.514255 0.024414 0.014870
0 0.046387 0.535315 0.024414 0.014870
0 0.045899 0.556385 0.023437 0.014870
0 0.015625 0.392815 0.019532 0.014870
0 0.046386 0.574345 0.022461 0.013630
0 0.015137 0.412020 0.020508 0.016100
0 0.015137 0.412020 0.020508 0.016100
0 0.015625 0.433705 0.019532 0.014870
0 0.015625 0.454155 0.019532 0.016110
0 0.015625 0.473355 0.019532 0.014870
0 0.015137 0.494425 0.020508 0.014870
0 0.015137 0.494425 0.020508 0.014870
0 0.015625 0.514870 0.019532 0.016100
0 0.015625 0.536555 0.019532 0.014870
0 0.015625 0.557005 0.019532 0.016110
0 0.015625 0.576825 0.019532 0.016110
