0 0.592420 0.080078 0.121020 0.044923
0 0.597735 0.256840 0.121010 0.044920
0 0.596405 0.383790 0.121010 0.044920
0 0.596405 0.511720 0.121010 0.044920
0 0.595745 0.641600 0.119690 0.044920
0 0.596405 0.767580 0.121010 0.044920
0 0.595745 0.898440 0.119690 0.044920
0 0.355050 0.081054 0.114360 0.041013
0 0.362365 0.256835 0.110370 0.041010
0 0.361035 0.384765 0.110370 0.041010
0 0.359705 0.511720 0.110370 0.041020
0 0.358375 0.638670 0.110370 0.041020
0 0.359705 0.768555 0.110370 0.041010
0 0.361035 0.896485 0.110370 0.041010
0 0.194150 0.084963 0.023940 0.042973
0 0.202130 0.259280 0.023940 0.040040
0 0.200800 0.385740 0.023940 0.041020
0 0.200800 0.514650 0.023940 0.041020
0 0.200800 0.641110 0.023940 0.040040
0 0.199470 0.770510 0.023940 0.041020
0 0.198140 0.897460 0.023940 0.041020
0 0.759975 0.064941 0.027930 0.034179
0 0.766620 0.257815 0.030580 0.031250
0 0.767285 0.384765 0.031910 0.031250
0 0.765295 0.511715 0.030590 0.031250
0 0.765955 0.768555 0.031910 0.031250
0 0.767285 0.897465 0.031910 0.031250
0 0.878990 0.068360 0.090420 0.037109
0 0.878990 0.258785 0.090420 0.037110
0 0.878990 0.385745 0.090420 0.037110
0 0.879655 0.514645 0.091750 0.037110
0 0.877660 0.770505 0.090420 0.037110
0 0.877660 0.898435 0.090420 0.037110
