0 0.327145 0.668620 0.031250 0.029940
0 0.944825 0.507810 0.053710 0.088540
0 0.947755 0.207685 0.053710 0.092450
1 0.924805 0.356770 0.105470 0.065100
1 0.947755 0.673825 0.057610 0.055990
0 0.734865 0.534505 0.059570 0.037770
0 0.844725 0.533205 0.060550 0.040370
0 0.844725 0.483075 0.060550 0.041670
0 0.844725 0.232420 0.058590 0.040360
0 0.846195 0.185545 0.059570 0.040370
0 0.844725 0.670570 0.058590 0.049480
0 0.733400 0.670570 0.058600 0.049480
0 0.734865 0.481770 0.059570 0.036460
0 0.736815 0.231770 0.059570 0.036460
0 0.736815 0.185550 0.059570 0.037760
0 0.735835 0.359375 0.059570 0.046870
0 0.624515 0.533850 0.059570 0.036460
0 0.623535 0.484375 0.059570 0.036450
0 0.625485 0.233070 0.059570 0.036460
0 0.626465 0.187500 0.059570 0.036460
0 0.512695 0.185545 0.054690 0.032550
0 0.513675 0.232420 0.054690 0.037760
0 0.512695 0.483070 0.054690 0.036460
0 0.511720 0.533850 0.056640 0.036460
0 0.512700 0.669920 0.056640 0.048180
0 0.511720 0.360025 0.056640 0.048170
0 0.623535 0.360675 0.057610 0.046870
0 0.623045 0.671225 0.060550 0.048170
0 0.406250 0.668620 0.048820 0.045580
0 0.407225 0.361980 0.048830 0.046880
0 0.408690 0.533200 0.051760 0.037760
0 0.408690 0.482420 0.051760 0.037760
0 0.408690 0.188150 0.051760 0.037760
0 0.407715 0.233070 0.051750 0.036460
0 0.406740 0.061198 0.049800 0.046875
0 0.513675 0.057292 0.054690 0.049479
0 0.831545 0.360025 0.032230 0.069010
