0 0.180900 0.102541 0.101300 0.052738
0 0.179450 0.206540 0.101300 0.051760
0 0.178000 0.309570 0.101300 0.052740
0 0.179450 0.669920 0.101300 0.052740
0 0.186685 0.775390 0.101310 0.052740
0 0.190305 0.879395 0.102750 0.051750
0 0.141825 0.490235 0.049210 0.041010
0 0.432705 0.103026 0.179450 0.065428
0 0.435605 0.207030 0.179450 0.066400
0 0.435605 0.311035 0.179450 0.065430
0 0.435605 0.673825 0.179450 0.066410
0 0.434155 0.780765 0.179450 0.065430
0 0.439945 0.882815 0.179450 0.066410
0 0.708395 0.885255 0.163530 0.061530
0 0.705495 0.781740 0.163530 0.061520
0 0.708395 0.674315 0.163530 0.061530
0 0.704055 0.496095 0.154850 0.078130
0 0.709120 0.312985 0.164980 0.065430
0 0.709120 0.209470 0.164980 0.061520
0 0.712010 0.103028 0.164980 0.061524
0 0.441390 0.495120 0.214180 0.074220
0 0.925470 0.211910 0.062220 0.050780
0 0.921130 0.101560 0.065120 0.039059
0 0.925470 0.783690 0.062220 0.049800
0 0.924750 0.889160 0.060780 0.042000
1 0.917510 0.492190 0.109980 0.097660
