0 0.252085 0.208005 0.160910 0.037110
0 0.251490 0.254885 0.162100 0.037110
0 0.255660 0.117186 0.160900 0.037107
0 0.259830 0.049805 0.162100 0.037109
0 0.251490 0.352535 0.162100 0.037110
0 0.250300 0.411135 0.162100 0.037110
0 0.250300 0.480465 0.162100 0.037110
0 0.251490 0.540035 0.162100 0.037110
0 0.252680 0.607425 0.162100 0.037110
0 0.254470 0.665035 0.160900 0.037110
0 0.255660 0.754885 0.160900 0.037110
0 0.256855 0.811525 0.160910 0.037110
0 0.256855 0.890625 0.160910 0.037110
0 0.259830 0.942385 0.162100 0.037110
0 0.515495 0.051758 0.175210 0.039062
0 0.513710 0.116210 0.174020 0.039060
0 0.512515 0.208010 0.174010 0.039060
0 0.512515 0.257810 0.174010 0.039060
0 0.514900 0.354490 0.174020 0.039060
0 0.512515 0.415525 0.174010 0.038090
0 0.514900 0.486330 0.174020 0.039060
0 0.513710 0.544920 0.174020 0.039060
0 0.514900 0.614260 0.174020 0.039060
0 0.513710 0.669920 0.174020 0.039060
0 0.513710 0.760740 0.174020 0.039060
0 0.516090 0.817380 0.174020 0.039060
0 0.514900 0.893555 0.174020 0.039070
0 0.514900 0.951170 0.174020 0.039060
1 0.882595 0.047851 0.175210 0.052735
1 0.835520 0.455570 0.290820 0.073240
