0 0.120605 0.149665 0.026370 0.025510
0 0.122560 0.191275 0.026360 0.025510
0 0.123050 0.267785 0.027340 0.025510
0 0.124515 0.306710 0.026370 0.025500
0 0.126465 0.463760 0.026370 0.025500
0 0.127440 0.580540 0.026360 0.025500
0 0.126465 0.892615 0.026370 0.026850
0 0.126950 0.851680 0.027340 0.025500
0 0.126465 0.775170 0.026370 0.025500
0 0.127440 0.732885 0.026360 0.026850
0 0.326170 0.093960 0.072260 0.048321
0 0.327150 0.212080 0.072260 0.048320
0 0.327635 0.328860 0.071290 0.048320
0 0.328615 0.444295 0.071290 0.048330
0 0.330080 0.559730 0.072260 0.048320
0 0.328125 0.674500 0.072270 0.046980
0 0.329590 0.787250 0.071280 0.046980
0 0.327635 0.904700 0.071290 0.048320
0 0.431640 0.904030 0.076180 0.046980
0 0.431150 0.787920 0.075200 0.045640
0 0.431150 0.674500 0.075200 0.046980
0 0.430175 0.559730 0.079110 0.045640
0 0.430175 0.446980 0.079110 0.045640
0 0.430175 0.330200 0.079110 0.045640
0 0.431150 0.213420 0.079100 0.045640
0 0.430175 0.093961 0.079110 0.045639
0 0.549805 0.095300 0.074210 0.048319
0 0.547850 0.214095 0.074220 0.049670
0 0.547850 0.330200 0.074220 0.048320
0 0.546875 0.445640 0.074210 0.048320
0 0.546875 0.559730 0.074210 0.048320
0 0.545900 0.673825 0.074220 0.048330
0 0.545900 0.787920 0.074220 0.048320
0 0.545900 0.904700 0.074220 0.048320
0 0.708500 0.144295 0.096680 0.081870
0 0.706540 0.384560 0.096680 0.081880
0 0.704105 0.620135 0.093750 0.077850
0 0.703125 0.853695 0.093750 0.077850
