0 0.256275 0.161130 0.146230 0.050780
0 0.257015 0.287600 0.144750 0.051760
0 0.255540 0.413090 0.144760 0.050780
0 0.257015 0.539060 0.144750 0.050780
0 0.256275 0.667480 0.146230 0.051760
0 0.542095 0.160160 0.159530 0.050780
0 0.543575 0.285645 0.159530 0.051750
0 0.543575 0.412600 0.159530 0.051760
0 0.542095 0.540530 0.159530 0.051760
0 0.543575 0.667480 0.159530 0.051760
0 0.267355 0.918455 0.106350 0.049810
0 0.267355 0.863280 0.106350 0.044920
0 0.509600 0.919435 0.109300 0.047850
0 0.509600 0.864260 0.109300 0.041020
1 0.853030 0.537110 0.193500 0.074220
