0 0.605855 0.259275 0.097590 0.032230
0 0.605855 0.334475 0.097590 0.032230
0 0.605105 0.409665 0.099090 0.032230
0 0.605855 0.483885 0.097590 0.032230
0 0.605855 0.559085 0.097590 0.032230
0 0.608110 0.786620 0.099100 0.032220
0 0.607360 0.710450 0.097600 0.032220
0 0.607360 0.635255 0.097600 0.032230
0 0.741745 0.259765 0.030030 0.017570
0 0.741745 0.336910 0.030030 0.017580
0 0.741745 0.412110 0.030030 0.017580
0 0.743245 0.564450 0.030030 0.017580
0 0.741745 0.487790 0.030030 0.016600
0 0.821320 0.259280 0.045040 0.016600
0 0.820570 0.334960 0.043540 0.017580
0 0.820570 0.486820 0.043540 0.016600
0 0.822070 0.563965 0.043540 0.016610
0 0.822825 0.717285 0.045050 0.016610
0 0.536790 0.126465 0.178680 0.047850
0 0.460960 0.259765 0.027020 0.019530
0 0.461715 0.334965 0.028530 0.019530
0 0.461715 0.410645 0.028530 0.018550
0 0.461715 0.484865 0.028530 0.018550
0 0.462465 0.561035 0.027030 0.018550
0 0.462465 0.636715 0.027030 0.019530
0 0.461715 0.713865 0.028530 0.019530
0 0.462465 0.789550 0.027030 0.018560
0 0.162910 0.284180 0.037540 0.025400
0 0.164415 0.388675 0.037530 0.025390
0 0.164415 0.493165 0.037530 0.025390
0 0.164415 0.597655 0.037530 0.025390
0 0.162910 0.703125 0.037540 0.025390
0 0.340090 0.126465 0.013520 0.020510
0 0.403905 0.336910 0.015010 0.017580
0 0.403905 0.261230 0.015010 0.018560
0 0.404655 0.412600 0.013510 0.018560
0 0.404655 0.487795 0.013510 0.018550
0 0.404655 0.563965 0.013510 0.018550
0 0.404655 0.640135 0.013510 0.018550
0 0.403905 0.717770 0.015010 0.017580
0 0.404655 0.794435 0.013510 0.018550
1 0.810060 0.124025 0.181680 0.046870
1 0.849850 0.413575 0.096100 0.038090
1 0.851350 0.643070 0.099100 0.040040
