0 0.197980 0.132810 0.136940 0.062500
0 0.199045 0.279785 0.136950 0.063470
0 0.195860 0.423830 0.136940 0.062500
0 0.195860 0.573240 0.136940 0.062500
0 0.400215 0.136235 0.144370 0.059570
0 0.400215 0.283695 0.144370 0.059570
0 0.399150 0.426265 0.144380 0.059570
0 0.397025 0.576665 0.144370 0.059570
0 0.189490 0.904785 0.132700 0.065430
0 0.190020 0.757815 0.131640 0.060550
0 0.398090 0.764650 0.144380 0.058600
0 0.391190 0.908690 0.143320 0.063480
0 0.624735 0.135740 0.153930 0.062500
0 0.625265 0.281250 0.154990 0.062500
0 0.624205 0.429690 0.154990 0.062500
0 0.625265 0.578130 0.154990 0.062500
0 0.622085 0.769530 0.154990 0.062500
1 0.915605 0.542970 0.160290 0.056640
