0 0.285000 0.110350 0.398750 0.110350 0.398750 0.159180 0.285000 0.159180
0 0.288750 0.250000 0.401250 0.250000 0.401250 0.299800 0.288750 0.299800
0 0.288750 0.368160 0.401250 0.368160 0.401250 0.416990 0.288750 0.416990
0 0.495000 0.112300 0.610000 0.112300 0.610000 0.160160 0.495000 0.160160
0 0.496250 0.250980 0.610000 0.250980 0.610000 0.298830 0.496250 0.298830
0 0.496250 0.369140 0.610000 0.369140 0.610000 0.417970 0.496250 0.417970
0 0.286250 0.485350 0.400000 0.485350 0.400000 0.535160 0.286250 0.535160
0 0.286250 0.604490 0.400000 0.604490 0.400000 0.653320 0.286250 0.653320
0 0.281250 0.745120 0.397500 0.745120 0.397500 0.792970 0.281250 0.792970
0 0.495000 0.484380 0.610000 0.484380 0.610000 0.534180 0.495000 0.534180
0 0.495000 0.603520 0.610000 0.603520 0.610000 0.652340 0.495000 0.652340
0 0.493750 0.743160 0.608750 0.743160 0.608750 0.791990 0.493750 0.791990
0 0.696250 0.484380 0.813750 0.484380 0.813750 0.533200 0.696250 0.533200
0 0.695000 0.602540 0.815000 0.602540 0.815000 0.652340 0.695000 0.652340
0 0.693750 0.741210 0.812500 0.741210 0.812500 0.791020 0.693750 0.791020
0 0.696250 0.112300 0.813750 0.112300 0.813750 0.161130 0.696250 0.161130
0 0.697500 0.250000 0.813750 0.250000 0.813750 0.298830 0.697500 0.298830
0 0.697500 0.367190 0.812500 0.367190 0.812500 0.416990 0.697500 0.416990
0 0.208750 0.254880 0.238750 0.254880 0.238750 0.295900 0.208750 0.295900
0 0.206250 0.117190 0.237500 0.117190 0.237500 0.157230 0.206250 0.157230
0 0.207500 0.373050 0.241250 0.373050 0.241250 0.413090 0.207500 0.413090
0 0.206250 0.490230 0.240000 0.490230 0.240000 0.530270 0.206250 0.530270
0 0.205000 0.609380 0.238750 0.609380 0.238750 0.649410 0.205000 0.649410
0 0.198750 0.749020 0.235000 0.749020 0.235000 0.793950 0.198750 0.793950
0 0.232500 0.916020 0.255000 0.916020 0.255000 0.942380 0.232500 0.942380
0 0.896250 0.560550 0.995000 0.560550 0.995000 0.609380 0.896250 0.609380
0 0.896250 0.736330 0.995000 0.736330 0.995000 0.785160 0.896250 0.785160
0 0.896250 0.291990 0.995000 0.291990 0.995000 0.340820 0.896250 0.340820
0 0.897500 0.112300 0.996250 0.112300 0.996250 0.161130 0.897500 0.161130
