0 0.130250 0.076172 0.231550 0.076172 0.231550 0.128910 0.130250 0.128910
0 0.128800 0.180660 0.230100 0.180660 0.230100 0.232420 0.128800 0.232420
0 0.127350 0.283200 0.228650 0.283200 0.228650 0.335940 0.127350 0.335940
0 0.128800 0.643550 0.230100 0.643550 0.230100 0.696290 0.128800 0.696290
0 0.136030 0.749020 0.237340 0.749020 0.237340 0.801760 0.136030 0.801760
0 0.138930 0.853520 0.241680 0.853520 0.241680 0.905270 0.138930 0.905270
0 0.117220 0.469730 0.166430 0.469730 0.166430 0.510740 0.117220 0.510740
0 0.342980 0.070312 0.522430 0.070312 0.522430 0.135740 0.342980 0.135740
0 0.345880 0.173830 0.525330 0.173830 0.525330 0.240230 0.345880 0.240230
0 0.345880 0.278320 0.525330 0.278320 0.525330 0.343750 0.345880 0.343750
0 0.345880 0.640620 0.525330 0.640620 0.525330 0.707030 0.345880 0.707030
0 0.344430 0.748050 0.523880 0.748050 0.523880 0.813480 0.344430 0.813480
0 0.350220 0.849610 0.529670 0.849610 0.529670 0.916020 0.350220 0.916020
0 0.626630 0.854490 0.790160 0.854490 0.790160 0.916020 0.626630 0.916020
0 0.623730 0.750980 0.787260 0.750980 0.787260 0.812500 0.623730 0.812500
0 0.626630 0.643550 0.790160 0.643550 0.790160 0.705080 0.626630 0.705080
0 0.626630 0.457030 0.781480 0.457030 0.781480 0.535160 0.626630 0.535160
0 0.626630 0.280270 0.791610 0.280270 0.791610 0.345700 0.626630 0.345700
0 0.626630 0.178710 0.791610 0.178710 0.791610 0.240230 0.626630 0.240230
0 0.629520 0.072266 0.794500 0.072266 0.794500 0.133790 0.629520 0.133790
0 0.334300 0.458010 0.548480 0.458010 0.548480 0.532230 0.334300 0.532230
0 0.894360 0.186520 0.956580 0.186520 0.956580 0.237300 0.894360 0.237300
0 0.888570 0.082031 0.953690 0.082031 0.953690 0.121090 0.888570 0.121090
0 0.894360 0.758790 0.956580 0.758790 0.956580 0.808590 0.894360 0.808590
0 0.894360 0.868160 0.955140 0.868160 0.955140 0.910160 0.894360 0.910160
1 0.862520 0.443360 0.972500 0.443360 0.972500 0.541020 0.862520 0.541020
