0 0.177730 0.064336 0.328120 0.064336 0.328120 0.142660 0.177730 0.142660
0 0.179690 0.223780 0.330080 0.223780 0.330080 0.302100 0.179690 0.302100
0 0.182620 0.386010 0.333010 0.386010 0.333010 0.464340 0.182620 0.464340
0 0.183590 0.556640 0.334960 0.556640 0.334960 0.634970 0.183590 0.634970
0 0.188480 0.710490 0.338870 0.710490 0.338870 0.787410 0.188480 0.787410
0 0.182620 0.874130 0.333010 0.874130 0.333010 0.952450 0.182620 0.952450
0 0.454100 0.067133 0.624020 0.067133 0.624020 0.138460 0.454100 0.138460
0 0.457030 0.230770 0.626950 0.230770 0.626950 0.302100 0.457030 0.302100
0 0.457030 0.388810 0.623050 0.388810 0.623050 0.464340 0.457030 0.464340
0 0.459960 0.555240 0.625980 0.555240 0.625980 0.630770 0.459960 0.630770
0 0.462890 0.710490 0.628910 0.710490 0.628910 0.786010 0.462890 0.786010
0 0.459960 0.872730 0.625980 0.872730 0.625980 0.948250 0.459960 0.948250
0 0.753910 0.551050 0.944340 0.551050 0.944340 0.626570 0.753910 0.626570
0 0.755860 0.707690 0.945310 0.707690 0.945310 0.783220 0.755860 0.783220
0 0.749020 0.223780 0.939450 0.223780 0.939450 0.299300 0.749020 0.299300
0 0.751950 0.060140 0.942380 0.060140 0.942380 0.135660 0.751950 0.135660
1 0.740230 0.841960 0.994140 0.841960 0.994140 0.934270 0.740230 0.934270
1 0.740230 0.366430 0.983400 0.366430 0.983400 0.472730 0.740230 0.472730
