0 0.057617 0.303340 0.101560 0.303340 0.101560 0.361180 0.057617 0.361180
0 0.059570 0.475580 0.102540 0.475580 0.102540 0.533420 0.059570 0.533420
0 0.061523 0.647810 0.104490 0.647810 0.104490 0.705660 0.061523 0.705660
0 0.047852 0.785350 0.089844 0.785350 0.089844 0.827760 0.047852 0.827760
0 0.048828 0.876610 0.088867 0.876610 0.088867 0.940870 0.048828 0.940870
0 0.116210 0.875320 0.157230 0.875320 0.157230 0.938300 0.116210 0.938300
0 0.184570 0.876610 0.224610 0.876610 0.224610 0.940870 0.184570 0.940870
0 0.252930 0.880460 0.297850 0.880460 0.297850 0.940870 0.252930 0.940870
0 0.321290 0.879180 0.361330 0.879180 0.361330 0.942160 0.321290 0.942160
0 0.116210 0.786630 0.158200 0.786630 0.158200 0.829050 0.116210 0.829050
0 0.183590 0.787920 0.225590 0.787920 0.225590 0.830330 0.183590 0.830330
0 0.250000 0.786630 0.291990 0.786630 0.291990 0.829050 0.250000 0.829050
0 0.317380 0.789200 0.360350 0.789200 0.360350 0.831620 0.317380 0.831620
0 0.181640 0.652960 0.221680 0.652960 0.221680 0.715940 0.181640 0.715940
0 0.250000 0.654240 0.290040 0.654240 0.290040 0.717220 0.250000 0.717220
0 0.316410 0.654240 0.356450 0.654240 0.356450 0.717220 0.316410 0.717220
0 0.181640 0.476860 0.221680 0.476860 0.221680 0.539850 0.181640 0.539850
0 0.248050 0.476860 0.288090 0.476860 0.288090 0.539850 0.248050 0.539850
0 0.315430 0.478150 0.355470 0.478150 0.355470 0.541130 0.315430 0.541130
0 0.383790 0.478150 0.424800 0.478150 0.424800 0.541130 0.383790 0.541130
0 0.453120 0.478150 0.493160 0.478150 0.493160 0.542420 0.453120 0.542420
0 0.386720 0.655530 0.426760 0.655530 0.426760 0.718510 0.386720 0.718510
0 0.388670 0.881750 0.428710 0.881750 0.428710 0.946020 0.388670 0.946020
0 0.457030 0.880460 0.497070 0.880460 0.497070 0.943440 0.457030 0.943440
0 0.457030 0.655530 0.497070 0.655530 0.497070 0.719790 0.457030 0.719790
0 0.180660 0.296920 0.221680 0.296920 0.221680 0.361180 0.180660 0.361180
0 0.246090 0.298200 0.287110 0.298200 0.287110 0.362470 0.246090 0.362470
0 0.315430 0.299490 0.355470 0.299490 0.355470 0.363750 0.315430 0.363750
0 0.382810 0.300770 0.422850 0.300770 0.422850 0.363750 0.382810 0.363750
0 0.453120 0.296920 0.493160 0.296920 0.493160 0.359900 0.453120 0.359900
0 0.523440 0.299490 0.563480 0.299490 0.563480 0.363750 0.523440 0.363750
0 0.523440 0.478150 0.563480 0.478150 0.563480 0.542420 0.523440 0.542420
0 0.524410 0.655530 0.564450 0.655530 0.564450 0.718510 0.524410 0.718510
0 0.525390 0.880460 0.566410 0.880460 0.566410 0.943440 0.525390 0.943440
0 0.114260 0.071979 0.154300 0.071979 0.154300 0.134960 0.114260 0.134960
0 0.180660 0.068123 0.220700 0.068123 0.220700 0.131110 0.180660 0.131110
0 0.248050 0.071979 0.288090 0.071979 0.288090 0.134960 0.248050 0.134960
0 0.316410 0.070694 0.356450 0.070694 0.356450 0.133680 0.316410 0.133680
0 0.387700 0.068123 0.427730 0.068123 0.427730 0.131110 0.387700 0.131110
0 0.456050 0.066838 0.496090 0.066838 0.496090 0.129820 0.456050 0.129820
0 0.525390 0.066838 0.565430 0.066838 0.565430 0.129820 0.525390 0.129820
0 0.045898 0.066838 0.085938 0.066838 0.085938 0.131110 0.045898 0.131110
0 0.387700 0.790490 0.429690 0.790490 0.429690 0.834190 0.387700 0.834190
0 0.454100 0.790490 0.499020 0.790490 0.499020 0.832900 0.454100 0.832900
0 0.525390 0.790490 0.569340 0.790490 0.569340 0.832900 0.525390 0.832900
0 0.592770 0.789200 0.637700 0.789200 0.637700 0.832900 0.592770 0.832900
0 0.662110 0.787920 0.707030 0.787920 0.707030 0.830330 0.662110 0.830330
0 0.729490 0.786630 0.774410 0.786630 0.774410 0.827760 0.729490 0.827760
0 0.594730 0.654240 0.634770 0.654240 0.634770 0.718510 0.594730 0.718510
0 0.594730 0.478150 0.634770 0.478150 0.634770 0.541130 0.594730 0.541130
0 0.594730 0.298200 0.634770 0.298200 0.634770 0.362470 0.594730 0.362470
0 0.665040 0.296920 0.705080 0.296920 0.705080 0.361180 0.665040 0.361180
0 0.665040 0.478150 0.705080 0.478150 0.705080 0.542420 0.665040 0.542420
0 0.663090 0.654240 0.703120 0.654240 0.703120 0.717220 0.663090 0.717220
0 0.665040 0.876610 0.705080 0.876610 0.705080 0.940870 0.665040 0.940870
0 0.732420 0.876610 0.772460 0.876610 0.772460 0.933160 0.732420 0.933160
0 0.732420 0.706940 0.776370 0.706940 0.776370 0.746790 0.732420 0.746790
0 0.732420 0.622110 0.776370 0.622110 0.776370 0.661950 0.732420 0.661950
0 0.732420 0.533420 0.776370 0.533420 0.776370 0.573260 0.732420 0.573260
0 0.732420 0.446020 0.777340 0.446020 0.777340 0.485860 0.732420 0.485860
0 0.732420 0.356040 0.777340 0.356040 0.777340 0.395890 0.732420 0.395890
0 0.594730 0.068123 0.637700 0.068123 0.637700 0.128530 0.594730 0.128530
0 0.663090 0.068123 0.706050 0.068123 0.706050 0.128530 0.663090 0.128530
0 0.827150 0.467870 0.876950 0.467870 0.876950 0.529560 0.827150 0.529560
0 0.824220 0.632390 0.874020 0.632390 0.874020 0.692800 0.824220 0.692800
0 0.808590 0.822620 0.867190 0.822620 0.867190 0.857330 0.808590 0.857330
1 0.958980 0.606680 0.999020 0.606680 0.999020 0.658100 0.958980 0.658100
