0 0.265620 0.238160 0.337890 0.238160 0.337890 0.308530 0.265620 0.308530
0 0.264650 0.079838 0.336910 0.079838 0.336910 0.150200 0.264650 0.150200
0 0.268550 0.453320 0.335940 0.453320 0.335940 0.523680 0.268550 0.523680
0 0.398440 0.161030 0.467770 0.161030 0.467770 0.224630 0.398440 0.224630
0 0.400390 0.454670 0.470700 0.454670 0.470700 0.516910 0.400390 0.516910
0 0.270510 0.848440 0.338870 0.848440 0.338870 0.918810 0.270510 0.918810
0 0.402340 0.852500 0.470700 0.852500 0.470700 0.913400 0.402340 0.913400
0 0.538090 0.158320 0.617190 0.158320 0.617190 0.224630 0.538090 0.224630
0 0.540040 0.451960 0.618160 0.451960 0.618160 0.519620 0.540040 0.519620
0 0.541990 0.671180 0.619140 0.671180 0.619140 0.722600 0.541990 0.722600
0 0.403320 0.672530 0.468750 0.672530 0.468750 0.721240 0.403320 0.721240
0 0.271480 0.671180 0.336910 0.671180 0.336910 0.719890 0.271480 0.719890
0 0.149410 0.675240 0.205080 0.675240 0.205080 0.721240 0.149410 0.721240
0 0.540040 0.851150 0.619140 0.851150 0.619140 0.914750 0.540040 0.914750
0 0.176760 0.085250 0.216800 0.085250 0.216800 0.139380 0.176760 0.139380
0 0.178710 0.244930 0.219730 0.244930 0.219730 0.299050 0.178710 0.299050
0 0.148440 0.454670 0.202150 0.454670 0.202150 0.525030 0.148440 0.525030
0 0.151370 0.849800 0.205080 0.849800 0.205080 0.920160 0.151370 0.920160
0 0.028320 0.427600 0.064453 0.427600 0.064453 0.585930 0.028320 0.585930
0 0.034180 0.769960 0.064453 0.769960 0.064453 0.898510 0.034180 0.898510
0 0.032227 0.604870 0.063477 0.604870 0.063477 0.751010 0.032227 0.751010
0 0.693360 0.155620 0.784180 0.155620 0.784180 0.230040 0.693360 0.230040
0 0.692380 0.450610 0.782230 0.450610 0.782230 0.523680 0.692380 0.523680
0 0.694340 0.848440 0.785160 0.848440 0.785160 0.921520 0.694340 0.921520
0 0.692380 0.672530 0.786130 0.672530 0.786130 0.722600 0.692380 0.722600
0 0.845700 0.857920 0.892580 0.857920 0.892580 0.913400 0.845700 0.913400
0 0.844730 0.690120 0.892580 0.690120 0.892580 0.737480 0.844730 0.737480
0 0.935550 0.859270 0.960940 0.859270 0.960940 0.914750 0.935550 0.914750
0 0.937500 0.690120 0.960940 0.690120 0.960940 0.736130 0.937500 0.736130
