0 0.230470 0.225090 0.341800 0.225090 0.341800 0.316110 0.230470 0.316110
0 0.228520 0.440340 0.339840 0.440340 0.339840 0.530140 0.228520 0.530140
0 0.225590 0.655600 0.336910 0.655600 0.336910 0.746620 0.225590 0.746620
0 0.452150 0.226320 0.609380 0.226320 0.609380 0.316110 0.452150 0.316110
0 0.450200 0.440340 0.608400 0.440340 0.608400 0.531370 0.450200 0.531370
0 0.450200 0.655600 0.608400 0.655600 0.608400 0.745390 0.450200 0.745390
0 0.837890 0.218940 0.945310 0.218940 0.945310 0.309960 0.837890 0.309960
0 0.836910 0.436650 0.944340 0.436650 0.944340 0.526450 0.836910 0.526450
0 0.838870 0.653140 0.946290 0.653140 0.946290 0.742930 0.838870 0.742930
0 0.688480 0.656830 0.765620 0.656830 0.765620 0.746620 0.688480 0.746620
0 0.686520 0.435420 0.764650 0.435420 0.764650 0.525220 0.686520 0.525220
0 0.688480 0.221400 0.765620 0.221400 0.765620 0.312420 0.688480 0.312420
