0 0.557060 0.243160 0.654650 0.243160 0.654650 0.275390 0.557060 0.275390
0 0.557060 0.318360 0.654650 0.318360 0.654650 0.350590 0.557060 0.350590
0 0.555560 0.393550 0.654650 0.393550 0.654650 0.425780 0.555560 0.425780
0 0.557060 0.467770 0.654650 0.467770 0.654650 0.500000 0.557060 0.500000
0 0.557060 0.542970 0.654650 0.542970 0.654650 0.575200 0.557060 0.575200
0 0.558560 0.770510 0.657660 0.770510 0.657660 0.802730 0.558560 0.802730
0 0.558560 0.694340 0.656160 0.694340 0.656160 0.726560 0.558560 0.726560
0 0.558560 0.619140 0.656160 0.619140 0.656160 0.651370 0.558560 0.651370
0 0.726730 0.250980 0.756760 0.250980 0.756760 0.268550 0.726730 0.268550
0 0.726730 0.328120 0.756760 0.328120 0.756760 0.345700 0.726730 0.345700
0 0.726730 0.403320 0.756760 0.403320 0.756760 0.420900 0.726730 0.420900
0 0.728230 0.555660 0.758260 0.555660 0.758260 0.573240 0.728230 0.573240
0 0.726730 0.479490 0.756760 0.479490 0.756760 0.496090 0.726730 0.496090
0 0.798800 0.250980 0.843840 0.250980 0.843840 0.267580 0.798800 0.267580
0 0.798800 0.326170 0.842340 0.326170 0.842340 0.343750 0.798800 0.343750
0 0.798800 0.478520 0.842340 0.478520 0.842340 0.495120 0.798800 0.495120
0 0.800300 0.555660 0.843840 0.555660 0.843840 0.572270 0.800300 0.572270
0 0.800300 0.708980 0.845350 0.708980 0.845350 0.725590 0.800300 0.725590
0 0.447450 0.102540 0.626130 0.102540 0.626130 0.150390 0.447450 0.150390
0 0.447450 0.250000 0.474470 0.250000 0.474470 0.269530 0.447450 0.269530
0 0.447450 0.325200 0.475980 0.325200 0.475980 0.344730 0.447450 0.344730
0 0.447450 0.401370 0.475980 0.401370 0.475980 0.419920 0.447450 0.419920
0 0.447450 0.475590 0.475980 0.475590 0.475980 0.494140 0.447450 0.494140
0 0.448950 0.551760 0.475980 0.551760 0.475980 0.570310 0.448950 0.570310
0 0.448950 0.626950 0.475980 0.626950 0.475980 0.646480 0.448950 0.646480
0 0.447450 0.704100 0.475980 0.704100 0.475980 0.723630 0.447450 0.723630
0 0.448950 0.780270 0.475980 0.780270 0.475980 0.798830 0.448950 0.798830
0 0.144140 0.271480 0.181680 0.271480 0.181680 0.296880 0.144140 0.296880
0 0.145650 0.375980 0.183180 0.375980 0.183180 0.401370 0.145650 0.401370
0 0.145650 0.480470 0.183180 0.480470 0.183180 0.505860 0.145650 0.505860
0 0.145650 0.584960 0.183180 0.584960 0.183180 0.610350 0.145650 0.610350
0 0.144140 0.690430 0.181680 0.690430 0.181680 0.715820 0.144140 0.715820
0 0.333330 0.116210 0.346850 0.116210 0.346850 0.136720 0.333330 0.136720
0 0.396400 0.328120 0.411410 0.328120 0.411410 0.345700 0.396400 0.345700
0 0.396400 0.251950 0.411410 0.251950 0.411410 0.270510 0.396400 0.270510
0 0.397900 0.403320 0.411410 0.403320 0.411410 0.421880 0.397900 0.421880
0 0.397900 0.478520 0.411410 0.478520 0.411410 0.497070 0.397900 0.497070
0 0.397900 0.554690 0.411410 0.554690 0.411410 0.573240 0.397900 0.573240
0 0.397900 0.630860 0.411410 0.630860 0.411410 0.649410 0.397900 0.649410
0 0.396400 0.708980 0.411410 0.708980 0.411410 0.726560 0.396400 0.726560
0 0.397900 0.785160 0.411410 0.785160 0.411410 0.803710 0.397900 0.803710
1 0.719220 0.100590 0.900900 0.100590 0.900900 0.147460 0.719220 0.147460
1 0.801800 0.394530 0.897900 0.394530 0.897900 0.432620 0.801800 0.432620
1 0.801800 0.623050 0.900900 0.623050 0.900900 0.663090 0.801800 0.663090
