0 0.141600 0.432390 0.271480 0.432390 0.271480 0.578620 0.141600 0.578620
0 0.142580 0.146230 0.272460 0.146230 0.272460 0.292450 0.142580 0.292450
0 0.142580 0.716980 0.272460 0.716980 0.272460 0.863210 0.142580 0.863210
0 0.352540 0.734280 0.482420 0.734280 0.482420 0.878930 0.352540 0.878930
0 0.349610 0.430820 0.479490 0.430820 0.479490 0.575470 0.349610 0.575470
0 0.354490 0.150940 0.484380 0.150940 0.484380 0.297170 0.354490 0.297170
0 0.586910 0.138360 0.739260 0.138360 0.739260 0.292450 0.586910 0.292450
0 0.587890 0.430820 0.740230 0.430820 0.740230 0.583330 0.587890 0.583330
0 0.587890 0.720130 0.740230 0.720130 0.740230 0.872640 0.587890 0.872640
1 0.837890 0.061321 0.994140 0.061321 0.994140 0.176100 0.837890 0.176100
