0 0.181640 0.175150 0.292970 0.175150 0.292970 0.273370 0.181640 0.273370
0 0.180660 0.357400 0.291990 0.357400 0.291990 0.454440 0.180660 0.454440
0 0.172850 0.628400 0.284180 0.628400 0.284180 0.726630 0.172850 0.726630
0 0.182620 0.007101 0.294920 0.007101 0.294920 0.091124 0.182620 0.091124
0 0.168950 0.872190 0.285160 0.872190 0.285160 0.965680 0.168950 0.965680
0 0.430660 0.357400 0.587890 0.357400 0.587890 0.455620 0.430660 0.455620
0 0.430660 0.170410 0.587890 0.170410 0.587890 0.268640 0.430660 0.268640
0 0.433590 0.005917 0.590820 0.005917 0.590820 0.089941 0.433590 0.089941
0 0.423830 0.624850 0.581050 0.624850 0.581050 0.724260 0.423830 0.724260
0 0.426760 0.871010 0.584960 0.871010 0.584960 0.970410 0.426760 0.970410
0 0.699220 0.353850 0.824220 0.353850 0.824220 0.459170 0.699220 0.459170
0 0.699220 0.172780 0.824220 0.172780 0.824220 0.278110 0.699220 0.278110
0 0.699220 0.005917 0.824220 0.005917 0.824220 0.094675 0.699220 0.094675
0 0.696290 0.856800 0.821290 0.856800 0.821290 0.963310 0.696290 0.963310
1 0.680660 0.570410 0.912110 0.570410 0.912110 0.792900 0.680660 0.792900
