0 0.268550 0.174170 0.367190 0.174170 0.367190 0.247630 0.268550 0.247630
0 0.268550 0.347160 0.367190 0.347160 0.367190 0.421800 0.268550 0.421800
0 0.267580 0.484600 0.367190 0.484600 0.367190 0.559240 0.267580 0.559240
0 0.266600 0.624410 0.365230 0.624410 0.365230 0.701420 0.266600 0.701420
0 0.267580 0.763030 0.367190 0.763030 0.367190 0.841230 0.267580 0.841230
0 0.264650 0.915880 0.364260 0.915880 0.364260 0.962090 0.264650 0.962090
0 0.463870 0.168250 0.563480 0.168250 0.563480 0.246450 0.463870 0.246450
0 0.463870 0.344790 0.563480 0.344790 0.563480 0.421800 0.463870 0.421800
0 0.466800 0.482230 0.565430 0.482230 0.565430 0.560430 0.466800 0.560430
0 0.465820 0.625590 0.564450 0.625590 0.564450 0.703790 0.465820 0.703790
0 0.464840 0.918250 0.564450 0.918250 0.564450 0.964450 0.464840 0.964450
0 0.661130 0.919430 0.760740 0.919430 0.760740 0.963270 0.661130 0.963270
0 0.853520 0.924170 0.930660 0.924170 0.930660 0.962090 0.853520 0.962090
0 0.464840 0.767770 0.563480 0.767770 0.563480 0.844790 0.464840 0.844790
0 0.662110 0.770140 0.760740 0.770140 0.760740 0.848340 0.662110 0.848340
0 0.662110 0.624410 0.760740 0.624410 0.760740 0.701420 0.662110 0.701420
0 0.662110 0.483410 0.761720 0.483410 0.761720 0.560430 0.662110 0.560430
0 0.662110 0.342420 0.760740 0.342420 0.760740 0.420620 0.662110 0.420620
0 0.661130 0.163510 0.759770 0.163510 0.759770 0.241710 0.661130 0.241710
0 0.858400 0.170620 0.933590 0.170620 0.933590 0.241710 0.858400 0.241710
0 0.858400 0.348340 0.933590 0.348340 0.933590 0.419430 0.858400 0.419430
0 0.858400 0.486970 0.933590 0.486970 0.933590 0.558060 0.858400 0.558060
0 0.855470 0.774880 0.931640 0.774880 0.931640 0.845970 0.855470 0.845970
0 0.128910 0.831750 0.159180 0.831750 0.159180 0.874410 0.128910 0.874410
0 0.125980 0.341230 0.159180 0.341230 0.159180 0.383890 0.125980 0.383890
0 0.129880 0.559240 0.149410 0.559240 0.149410 0.601900 0.129880 0.601900
1 0.854490 0.623220 0.978520 0.623220 0.978520 0.708530 0.854490 0.708530
