0 0.272460 0.160160 0.335940 0.160160 0.335940 0.238280 0.272460 0.238280
0 0.272460 0.303390 0.337890 0.303390 0.337890 0.380210 0.272460 0.380210
0 0.413090 0.161460 0.485350 0.161460 0.485350 0.238280 0.413090 0.238280
0 0.413090 0.304690 0.485350 0.304690 0.485350 0.381510 0.413090 0.381510
0 0.273440 0.444010 0.338870 0.444010 0.338870 0.522140 0.273440 0.522140
0 0.273440 0.587240 0.338870 0.587240 0.338870 0.664060 0.273440 0.664060
0 0.414060 0.446610 0.486330 0.446610 0.486330 0.522140 0.414060 0.522140
0 0.414060 0.587240 0.486330 0.587240 0.486330 0.665360 0.414060 0.665360
0 0.275390 0.726560 0.338870 0.726560 0.338870 0.802080 0.275390 0.802080
0 0.415040 0.727860 0.486330 0.727860 0.486330 0.803390 0.415040 0.803390
0 0.554690 0.587240 0.626950 0.587240 0.626950 0.664060 0.554690 0.664060
0 0.555660 0.727860 0.625980 0.727860 0.625980 0.805990 0.555660 0.805990
0 0.694340 0.587240 0.766600 0.587240 0.766600 0.664060 0.694340 0.664060
0 0.694340 0.727860 0.765620 0.727860 0.765620 0.804690 0.694340 0.804690
0 0.839840 0.597660 0.910160 0.597660 0.910160 0.647140 0.839840 0.647140
0 0.840820 0.736980 0.910160 0.736980 0.910160 0.786460 0.840820 0.786460
0 0.839840 0.459640 0.910160 0.459640 0.910160 0.507810 0.839840 0.507810
0 0.695310 0.304690 0.763670 0.304690 0.763670 0.382810 0.695310 0.382810
0 0.695310 0.447920 0.766600 0.447920 0.766600 0.524740 0.695310 0.524740
1 0.828120 0.304690 0.965820 0.304690 0.965820 0.384110 0.828120 0.384110
0 0.840820 0.179690 0.913090 0.179690 0.913090 0.227860 0.840820 0.227860
0 0.695310 0.161460 0.767580 0.161460 0.767580 0.239580 0.695310 0.239580
0 0.553710 0.160160 0.626950 0.160160 0.626950 0.239580 0.553710 0.239580
0 0.553710 0.304690 0.627930 0.304690 0.627930 0.382810 0.553710 0.382810
0 0.553710 0.446610 0.627930 0.446610 0.627930 0.524740 0.553710 0.524740
0 0.180660 0.027344 0.198240 0.027344 0.198240 0.104170 0.180660 0.104170
0 0.181640 0.165360 0.199220 0.165360 0.199220 0.242190 0.181640 0.242190
0 0.182620 0.304690 0.199220 0.304690 0.199220 0.381510 0.182620 0.381510
0 0.183590 0.444010 0.201170 0.444010 0.201170 0.519530 0.183590 0.519530
0 0.183590 0.579430 0.201170 0.579430 0.201170 0.656250 0.183590 0.656250
0 0.185550 0.716150 0.203120 0.716150 0.203120 0.792970 0.185550 0.792970
0 0.274410 0.015625 0.337890 0.015625 0.337890 0.095052 0.274410 0.095052
0 0.268550 0.917970 0.332030 0.917970 0.332030 0.994790 0.268550 0.994790
