0 0.168950 0.080745 0.294920 0.080745 0.294920 0.236020 0.168950 0.236020
0 0.171880 0.409940 0.297850 0.409940 0.297850 0.565220 0.171880 0.565220
0 0.167970 0.745340 0.293950 0.745340 0.293950 0.900620 0.167970 0.900620
0 0.373050 0.084886 0.495120 0.084886 0.495120 0.238100 0.373050 0.238100
0 0.370120 0.414080 0.491210 0.414080 0.491210 0.567290 0.370120 0.567290
0 0.373050 0.741200 0.495120 0.741200 0.495120 0.894410 0.373050 0.894410
0 0.592770 0.095238 0.729490 0.095238 0.729490 0.240170 0.592770 0.240170
0 0.590820 0.412010 0.727540 0.412010 0.727540 0.554870 0.590820 0.554870
0 0.589840 0.745340 0.726560 0.745340 0.726560 0.888200 0.589840 0.888200
1 0.857420 0.043478 0.995120 0.043478 0.995120 0.169770 0.857420 0.169770
1 0.860350 0.577640 0.994140 0.577640 0.994140 0.685300 0.860350 0.685300
0 0.874020 0.480330 0.979490 0.480330 0.979490 0.563150 0.874020 0.563150
