0 0.077148 0.099099 0.164060 0.099099 0.164060 0.186190 0.077148 0.186190
0 0.076172 0.247750 0.163090 0.247750 0.163090 0.333330 0.076172 0.333330
0 0.077148 0.390390 0.163090 0.390390 0.163090 0.477480 0.077148 0.477480
0 0.077148 0.540540 0.164060 0.540540 0.164060 0.626130 0.077148 0.626130
0 0.078125 0.681680 0.164060 0.681680 0.164060 0.768770 0.078125 0.768770
0 0.077148 0.828830 0.164060 0.828830 0.164060 0.914410 0.077148 0.914410
0 0.222660 0.099099 0.309570 0.099099 0.309570 0.186190 0.222660 0.186190
0 0.221680 0.247750 0.308590 0.247750 0.308590 0.334830 0.221680 0.334830
0 0.222660 0.390390 0.309570 0.390390 0.309570 0.477480 0.222660 0.477480
0 0.221680 0.539040 0.308590 0.539040 0.308590 0.624620 0.221680 0.624620
0 0.224610 0.684680 0.311520 0.684680 0.311520 0.771770 0.224610 0.771770
0 0.221680 0.824320 0.308590 0.824320 0.308590 0.911410 0.221680 0.911410
0 0.366210 0.824320 0.452150 0.824320 0.452150 0.911410 0.366210 0.911410
0 0.365230 0.678680 0.451170 0.678680 0.451170 0.764260 0.365230 0.764260
0 0.363280 0.536040 0.450200 0.536040 0.450200 0.621620 0.363280 0.621620
0 0.366210 0.390390 0.452150 0.390390 0.452150 0.477480 0.366210 0.477480
0 0.366210 0.244740 0.452150 0.244740 0.452150 0.330330 0.366210 0.330330
0 0.368160 0.099099 0.455080 0.099099 0.455080 0.186190 0.368160 0.186190
0 0.509770 0.097598 0.596680 0.097598 0.596680 0.184680 0.509770 0.184680
0 0.513670 0.243240 0.600590 0.243240 0.600590 0.328830 0.513670 0.328830
0 0.508790 0.393390 0.595700 0.393390 0.595700 0.480480 0.508790 0.480480
0 0.508790 0.537540 0.595700 0.537540 0.595700 0.623120 0.508790 0.623120
0 0.506840 0.680180 0.593750 0.680180 0.593750 0.767270 0.506840 0.767270
0 0.506840 0.821320 0.593750 0.821320 0.593750 0.908410 0.506840 0.908410
0 0.661130 0.043544 0.746090 0.043544 0.746090 0.126130 0.661130 0.126130
0 0.661130 0.148650 0.746090 0.148650 0.746090 0.231230 0.661130 0.231230
0 0.661130 0.255260 0.746090 0.255260 0.746090 0.337840 0.661130 0.337840
0 0.663090 0.360360 0.748050 0.360360 0.748050 0.442940 0.663090 0.442940
0 0.661130 0.566070 0.746090 0.566070 0.746090 0.650150 0.661130 0.650150
0 0.660160 0.671170 0.748050 0.671170 0.748050 0.762760 0.660160 0.762760
0 0.658200 0.774770 0.746090 0.774770 0.746090 0.866370 0.658200 0.866370
0 0.657230 0.873870 0.745120 0.873870 0.745120 0.965470 0.657230 0.965470
