0 0.531910 0.057617 0.652930 0.057617 0.652930 0.102540 0.531910 0.102540
0 0.537230 0.234380 0.658240 0.234380 0.658240 0.279300 0.537230 0.279300
0 0.535900 0.361330 0.656910 0.361330 0.656910 0.406250 0.535900 0.406250
0 0.535900 0.489260 0.656910 0.489260 0.656910 0.534180 0.535900 0.534180
0 0.535900 0.619140 0.655590 0.619140 0.655590 0.664060 0.535900 0.664060
0 0.535900 0.745120 0.656910 0.745120 0.656910 0.790040 0.535900 0.790040
0 0.535900 0.875980 0.655590 0.875980 0.655590 0.920900 0.535900 0.920900
0 0.297870 0.060547 0.412230 0.060547 0.412230 0.101560 0.297870 0.101560
0 0.307180 0.236330 0.417550 0.236330 0.417550 0.277340 0.307180 0.277340
0 0.305850 0.364260 0.416220 0.364260 0.416220 0.405270 0.305850 0.405270
0 0.304520 0.491210 0.414890 0.491210 0.414890 0.532230 0.304520 0.532230
0 0.303190 0.618160 0.413560 0.618160 0.413560 0.659180 0.303190 0.659180
0 0.304520 0.748050 0.414890 0.748050 0.414890 0.789060 0.304520 0.789060
0 0.305850 0.875980 0.416220 0.875980 0.416220 0.916990 0.305850 0.916990
0 0.182180 0.063477 0.206120 0.063477 0.206120 0.106450 0.182180 0.106450
0 0.190160 0.239260 0.214100 0.239260 0.214100 0.279300 0.190160 0.279300
0 0.188830 0.365230 0.212770 0.365230 0.212770 0.406250 0.188830 0.406250
0 0.188830 0.494140 0.212770 0.494140 0.212770 0.535160 0.188830 0.535160
0 0.188830 0.621090 0.212770 0.621090 0.212770 0.661130 0.188830 0.661130
0 0.187500 0.750000 0.211440 0.750000 0.211440 0.791020 0.187500 0.791020
0 0.186170 0.876950 0.210110 0.876950 0.210110 0.917970 0.186170 0.917970
0 0.746010 0.047852 0.773940 0.047852 0.773940 0.082031 0.746010 0.082031
0 0.751330 0.242190 0.781910 0.242190 0.781910 0.273440 0.751330 0.273440
0 0.751330 0.369140 0.783240 0.369140 0.783240 0.400390 0.751330 0.400390
0 0.750000 0.496090 0.780590 0.496090 0.780590 0.527340 0.750000 0.527340
0 0.750000 0.752930 0.781910 0.752930 0.781910 0.784180 0.750000 0.784180
0 0.751330 0.881840 0.783240 0.881840 0.783240 0.913090 0.751330 0.913090
0 0.833780 0.049805 0.924200 0.049805 0.924200 0.086914 0.833780 0.086914
0 0.833780 0.240230 0.924200 0.240230 0.924200 0.277340 0.833780 0.277340
0 0.833780 0.367190 0.924200 0.367190 0.924200 0.404300 0.833780 0.404300
0 0.833780 0.496090 0.925530 0.496090 0.925530 0.533200 0.833780 0.533200
0 0.832450 0.751950 0.922870 0.751950 0.922870 0.789060 0.832450 0.789060
0 0.832450 0.879880 0.922870 0.879880 0.922870 0.916990 0.832450 0.916990
