0 0.107420 0.136910 0.133790 0.136910 0.133790 0.162420 0.107420 0.162420
0 0.109380 0.178520 0.135740 0.178520 0.135740 0.204030 0.109380 0.204030
0 0.109380 0.255030 0.136720 0.255030 0.136720 0.280540 0.109380 0.280540
0 0.111330 0.293960 0.137700 0.293960 0.137700 0.319460 0.111330 0.319460
0 0.113280 0.451010 0.139650 0.451010 0.139650 0.476510 0.113280 0.476510
0 0.114260 0.567790 0.140620 0.567790 0.140620 0.593290 0.114260 0.593290
0 0.113280 0.879190 0.139650 0.879190 0.139650 0.906040 0.113280 0.906040
0 0.113280 0.838930 0.140620 0.838930 0.140620 0.864430 0.113280 0.864430
0 0.113280 0.762420 0.139650 0.762420 0.139650 0.787920 0.113280 0.787920
0 0.114260 0.719460 0.140620 0.719460 0.140620 0.746310 0.114260 0.746310
0 0.290040 0.069799 0.362300 0.069799 0.362300 0.118120 0.290040 0.118120
0 0.291020 0.187920 0.363280 0.187920 0.363280 0.236240 0.291020 0.236240
0 0.291990 0.304700 0.363280 0.304700 0.363280 0.353020 0.291990 0.353020
0 0.292970 0.420130 0.364260 0.420130 0.364260 0.468460 0.292970 0.468460
0 0.293950 0.535570 0.366210 0.535570 0.366210 0.583890 0.293950 0.583890
0 0.291990 0.651010 0.364260 0.651010 0.364260 0.697990 0.291990 0.697990
0 0.293950 0.763760 0.365230 0.763760 0.365230 0.810740 0.293950 0.810740
0 0.291990 0.880540 0.363280 0.880540 0.363280 0.928860 0.291990 0.928860
0 0.393550 0.880540 0.469730 0.880540 0.469730 0.927520 0.393550 0.927520
0 0.393550 0.765100 0.468750 0.765100 0.468750 0.810740 0.393550 0.810740
0 0.393550 0.651010 0.468750 0.651010 0.468750 0.697990 0.393550 0.697990
0 0.390620 0.536910 0.469730 0.536910 0.469730 0.582550 0.390620 0.582550
0 0.390620 0.424160 0.469730 0.424160 0.469730 0.469800 0.390620 0.469800
0 0.390620 0.307380 0.469730 0.307380 0.469730 0.353020 0.390620 0.353020
0 0.391600 0.190600 0.470700 0.190600 0.470700 0.236240 0.391600 0.236240
0 0.390620 0.071141 0.469730 0.071141 0.469730 0.116780 0.390620 0.116780
0 0.512700 0.071141 0.586910 0.071141 0.586910 0.119460 0.512700 0.119460
0 0.510740 0.189260 0.584960 0.189260 0.584960 0.238930 0.510740 0.238930
0 0.510740 0.306040 0.584960 0.306040 0.584960 0.354360 0.510740 0.354360
0 0.509770 0.421480 0.583980 0.421480 0.583980 0.469800 0.509770 0.469800
0 0.509770 0.535570 0.583980 0.535570 0.583980 0.583890 0.509770 0.583890
0 0.508790 0.649660 0.583010 0.649660 0.583010 0.697990 0.508790 0.697990
0 0.508790 0.763760 0.583010 0.763760 0.583010 0.812080 0.508790 0.812080
0 0.508790 0.880540 0.583010 0.880540 0.583010 0.928860 0.508790 0.928860
0 0.660160 0.103360 0.756840 0.103360 0.756840 0.185230 0.660160 0.185230
0 0.658200 0.343620 0.754880 0.343620 0.754880 0.425500 0.658200 0.425500
0 0.657230 0.581210 0.750980 0.581210 0.750980 0.659060 0.657230 0.659060
0 0.656250 0.814770 0.750000 0.814770 0.750000 0.892620 0.656250 0.892620
