0 0.067715 0.033203 0.118500 0.033203 0.118500 0.091797 0.067715 0.091797
0 0.163240 0.032227 0.214030 0.032227 0.214030 0.088867 0.163240 0.088867
0 0.261190 0.030273 0.310760 0.030273 0.310760 0.087891 0.261190 0.087891
0 0.660220 0.031250 0.709790 0.031250 0.709790 0.087891 0.660220 0.087891
0 0.361550 0.028320 0.412330 0.028320 0.412330 0.086914 0.361550 0.086914
0 0.458280 0.029297 0.509070 0.029297 0.509070 0.087891 0.458280 0.087891
0 0.559850 0.028320 0.609430 0.028320 0.609430 0.086914 0.559850 0.086914
0 0.660220 0.324220 0.711000 0.324220 0.711000 0.385740 0.660220 0.385740
0 0.758160 0.029297 0.808950 0.029297 0.808950 0.086914 0.758160 0.086914
0 0.760580 0.323240 0.810160 0.323240 0.810160 0.385740 0.760580 0.385740
0 0.559850 0.325200 0.610640 0.325200 0.610640 0.382810 0.559850 0.382810
0 0.457070 0.323240 0.507860 0.323240 0.507860 0.382810 0.457070 0.382810
0 0.355500 0.320310 0.407500 0.320310 0.407500 0.383790 0.355500 0.383790
0 0.155990 0.319340 0.209190 0.319340 0.209190 0.381840 0.155990 0.381840
0 0.256350 0.626950 0.309550 0.626950 0.309550 0.686520 0.256350 0.686520
0 0.059250 0.322270 0.107620 0.322270 0.107620 0.382810 0.059250 0.382810
0 0.255140 0.323240 0.308340 0.323240 0.308340 0.383790 0.255140 0.383790
0 0.070133 0.908200 0.117290 0.908200 0.117290 0.968750 0.070133 0.968750
0 0.059250 0.621090 0.111250 0.621090 0.111250 0.683590 0.059250 0.683590
0 0.168080 0.626950 0.205560 0.626950 0.205560 0.685550 0.168080 0.685550
0 0.354290 0.625000 0.407500 0.625000 0.407500 0.688480 0.354290 0.688480
0 0.454660 0.628910 0.507860 0.628910 0.507860 0.691410 0.454660 0.691410
0 0.555020 0.627930 0.608220 0.627930 0.608220 0.691410 0.555020 0.691410
0 0.657800 0.626950 0.711000 0.626950 0.711000 0.690430 0.657800 0.690430
0 0.758160 0.628910 0.810160 0.628910 0.810160 0.691410 0.758160 0.691410
0 0.355500 0.916020 0.408710 0.916020 0.408710 0.975590 0.355500 0.975590
0 0.455860 0.917970 0.506650 0.917970 0.506650 0.978520 0.455860 0.978520
0 0.259980 0.916020 0.310760 0.916020 0.310760 0.975590 0.259980 0.975590
0 0.557440 0.920900 0.610640 0.920900 0.610640 0.980470 0.557440 0.980470
0 0.650540 0.917970 0.703750 0.917970 0.703750 0.977540 0.650540 0.977540
0 0.261190 0.119140 0.313180 0.119140 0.313180 0.173830 0.261190 0.173830
0 0.259980 0.175780 0.311970 0.175780 0.311970 0.230470 0.259980 0.230470
0 0.258770 0.234380 0.310760 0.234380 0.310760 0.289060 0.258770 0.289060
0 0.660220 0.203120 0.717050 0.203120 0.717050 0.291990 0.660220 0.291990
0 0.657800 0.115230 0.718260 0.115230 0.718260 0.199220 0.657800 0.199220
0 0.771460 0.215820 0.819830 0.215820 0.819830 0.274410 0.771460 0.274410
0 0.770250 0.128910 0.817410 0.128910 0.817410 0.185550 0.770250 0.185550
0 0.577990 0.214840 0.617900 0.214840 0.617900 0.272460 0.577990 0.272460
0 0.576780 0.127930 0.616690 0.127930 0.616690 0.184570 0.576780 0.184570
0 0.459490 0.197270 0.516320 0.197270 0.516320 0.292970 0.459490 0.292970
0 0.459490 0.115230 0.515110 0.115230 0.515110 0.194340 0.459490 0.194340
0 0.383310 0.215820 0.413540 0.215820 0.413540 0.272460 0.383310 0.272460
0 0.383310 0.125980 0.413540 0.125980 0.413540 0.184570 0.383310 0.184570
0 0.191050 0.215820 0.206770 0.215820 0.206770 0.274410 0.191050 0.274410
0 0.194680 0.131840 0.206770 0.131840 0.206770 0.187500 0.194680 0.187500
0 0.095526 0.215820 0.118500 0.215820 0.118500 0.274410 0.095526 0.274410
0 0.101570 0.134770 0.120920 0.134770 0.120920 0.189450 0.101570 0.189450
0 0.056832 0.501950 0.116080 0.501950 0.116080 0.596680 0.056832 0.596680
0 0.157190 0.507810 0.215240 0.507810 0.215240 0.595700 0.157190 0.595700
0 0.091898 0.414060 0.112450 0.414060 0.112450 0.469730 0.091898 0.469730
0 0.189840 0.413090 0.214030 0.413090 0.214030 0.470700 0.189840 0.470700
0 0.285370 0.506840 0.313180 0.506840 0.313180 0.565430 0.285370 0.565430
0 0.284160 0.413090 0.314390 0.413090 0.314390 0.469730 0.284160 0.469730
0 0.380890 0.507810 0.413540 0.507810 0.413540 0.566410 0.380890 0.566410
0 0.380890 0.416020 0.413540 0.416020 0.413540 0.474610 0.380890 0.474610
0 0.475210 0.510740 0.515110 0.510740 0.515110 0.569340 0.475210 0.569340
0 0.478840 0.413090 0.516320 0.413090 0.516320 0.471680 0.478840 0.471680
0 0.576780 0.512700 0.614270 0.512700 0.614270 0.571290 0.576780 0.571290
0 0.576780 0.414060 0.615480 0.414060 0.615480 0.469730 0.576780 0.469730
0 0.674730 0.414060 0.717050 0.414060 0.717050 0.470700 0.674730 0.470700
0 0.672310 0.512700 0.718260 0.512700 0.718260 0.572270 0.672310 0.572270
0 0.770250 0.414060 0.818620 0.414060 0.818620 0.471680 0.770250 0.471680
0 0.769040 0.512700 0.818620 0.512700 0.818620 0.569340 0.769040 0.569340
0 0.097944 0.784180 0.119710 0.784180 0.119710 0.835940 0.097944 0.835940
0 0.095526 0.716800 0.117290 0.716800 0.117290 0.756840 0.095526 0.756840
0 0.160820 0.718750 0.216440 0.718750 0.216440 0.743160 0.160820 0.743160
0 0.160820 0.744140 0.216440 0.744140 0.216440 0.770510 0.160820 0.770510
0 0.162030 0.771480 0.217650 0.771480 0.217650 0.796880 0.162030 0.796880
0 0.162030 0.798830 0.217650 0.798830 0.217650 0.824220 0.162030 0.824220
0 0.162030 0.826170 0.217650 0.826170 0.217650 0.851560 0.162030 0.851560
0 0.163240 0.853520 0.218860 0.853520 0.218860 0.878910 0.163240 0.878910
0 0.258770 0.717770 0.313180 0.717770 0.313180 0.886720 0.258770 0.886720
0 0.355500 0.721680 0.412330 0.721680 0.412330 0.887700 0.355500 0.887700
0 0.477630 0.792970 0.515110 0.792970 0.515110 0.845700 0.477630 0.845700
0 0.475210 0.723630 0.513910 0.723630 0.513910 0.764650 0.475210 0.764650
0 0.573160 0.791990 0.613060 0.791990 0.613060 0.844730 0.573160 0.844730
0 0.573160 0.725590 0.613060 0.725590 0.613060 0.763670 0.573160 0.763670
0 0.671100 0.793950 0.713420 0.793950 0.713420 0.842770 0.671100 0.842770
0 0.669890 0.724610 0.713420 0.724610 0.713420 0.765620 0.669890 0.765620
0 0.765420 0.724610 0.812580 0.724610 0.812580 0.766600 0.765420 0.766600
0 0.763000 0.792970 0.813780 0.792970 0.813780 0.844730 0.763000 0.844730
1 0.898430 0.443360 0.989120 0.443360 0.989120 0.497070 0.898430 0.497070
1 0.915360 0.565430 0.990330 0.565430 0.990330 0.595700 0.915360 0.595700
1 0.912940 0.229490 0.992740 0.229490 0.992740 0.265620 0.912940 0.265620
1 0.912940 0.266600 0.992740 0.266600 0.992740 0.302730 0.912940 0.302730
0 0.160820 0.912110 0.214030 0.912110 0.214030 0.970700 0.160820 0.970700
0 0.891170 0.120120 0.912940 0.120120 0.912940 0.301760 0.891170 0.301760
