0 0.321290 0.232960 0.512700 0.232960 0.512700 0.335810 0.321290 0.335810
0 0.322270 0.438660 0.510740 0.438660 0.510740 0.546470 0.322270 0.546470
0 0.321290 0.646840 0.511720 0.646840 0.511720 0.752170 0.321290 0.752170
0 0.641600 0.223050 0.848630 0.223050 0.848630 0.333330 0.641600 0.333330
0 0.642580 0.432470 0.851560 0.432470 0.851560 0.541510 0.642580 0.541510
0 0.642580 0.644360 0.853520 0.644360 0.853520 0.755890 0.642580 0.755890
0 0.083008 0.247830 0.190430 0.247830 0.190430 0.320940 0.083008 0.320940
0 0.082031 0.453530 0.189450 0.453530 0.189450 0.526640 0.082031 0.526640
0 0.080078 0.662950 0.188480 0.662950 0.188480 0.736060 0.080078 0.736060
0 0.035156 0.386620 0.057617 0.386620 0.057617 0.400250 0.035156 0.400250
0 0.035156 0.403970 0.058594 0.403970 0.058594 0.418840 0.035156 0.418840
0 0.035156 0.425030 0.058594 0.425030 0.058594 0.441140 0.035156 0.441140
0 0.035156 0.444860 0.058594 0.444860 0.058594 0.459730 0.035156 0.459730
0 0.035156 0.465920 0.058594 0.465920 0.058594 0.482030 0.035156 0.482030
0 0.034180 0.485750 0.057617 0.485750 0.057617 0.500620 0.034180 0.500620
0 0.034180 0.506820 0.058594 0.506820 0.058594 0.521690 0.034180 0.521690
0 0.034180 0.527880 0.058594 0.527880 0.058594 0.542750 0.034180 0.542750
0 0.034180 0.548950 0.057617 0.548950 0.057617 0.563820 0.034180 0.563820
0 0.005859 0.385380 0.025391 0.385380 0.025391 0.400250 0.005859 0.400250
0 0.035156 0.567530 0.057617 0.567530 0.057617 0.581160 0.035156 0.581160
0 0.004883 0.403970 0.025391 0.403970 0.025391 0.420070 0.004883 0.420070
0 0.004883 0.403970 0.025391 0.403970 0.025391 0.420070 0.004883 0.420070
0 0.005859 0.426270 0.025391 0.426270 0.025391 0.441140 0.005859 0.441140
0 0.005859 0.446100 0.025391 0.446100 0.025391 0.462210 0.005859 0.462210
0 0.005859 0.465920 0.025391 0.465920 0.025391 0.480790 0.005859 0.480790
0 0.004883 0.486990 0.025391 0.486990 0.025391 0.501860 0.004883 0.501860
0 0.004883 0.486990 0.025391 0.486990 0.025391 0.501860 0.004883 0.501860
0 0.005859 0.506820 0.025391 0.506820 0.025391 0.522920 0.005859 0.522920
0 0.005859 0.529120 0.025391 0.529120 0.025391 0.543990 0.005859 0.543990
0 0.005859 0.548950 0.025391 0.548950 0.025391 0.565060 0.005859 0.565060
0 0.005859 0.568770 0.025391 0.568770 0.025391 0.584880 0.005859 0.584880
