0 0.310550 0.116920 0.436520 0.116920 0.436520 0.205220 0.310550 0.205220
0 0.305660 0.406720 0.431640 0.406720 0.431640 0.496270 0.305660 0.496270
0 0.305660 0.701490 0.431640 0.701490 0.431640 0.791040 0.305660 0.791040
0 0.543950 0.101990 0.678710 0.101990 0.678710 0.207710 0.543950 0.207710
0 0.541990 0.399250 0.676760 0.399250 0.676760 0.504980 0.541990 0.504980
0 0.539060 0.697760 0.673830 0.697760 0.673830 0.802240 0.539060 0.802240
0 0.096680 0.689050 0.193360 0.689050 0.193360 0.789800 0.096680 0.789800
0 0.100590 0.402990 0.196290 0.402990 0.196290 0.503730 0.100590 0.503730
0 0.106450 0.113180 0.203120 0.113180 0.203120 0.213930 0.106450 0.213930
1 0.780270 0.376870 0.944340 0.376870 0.944340 0.526120 0.780270 0.526120
