0 0.825550 0.611330 0.916460 0.611330 0.916460 0.647460 0.825550 0.647460
0 0.659710 0.610350 0.746930 0.610350 0.746930 0.644530 0.659710 0.644530
0 0.500000 0.609380 0.581080 0.609380 0.581080 0.643550 0.500000 0.643550
0 0.350120 0.609380 0.426290 0.609380 0.426290 0.642580 0.350120 0.642580
0 0.667080 0.364260 0.744470 0.364260 0.744470 0.396480 0.667080 0.396480
0 0.667080 0.294920 0.744470 0.294920 0.744470 0.327150 0.667080 0.327150
0 0.828010 0.294920 0.920150 0.294920 0.920150 0.328120 0.828010 0.328120
0 0.829240 0.224610 0.918920 0.224610 0.918920 0.256840 0.829240 0.256840
0 0.829240 0.155270 0.920150 0.155270 0.920150 0.187500 0.829240 0.187500
0 0.667080 0.224610 0.751840 0.224610 0.751840 0.256840 0.667080 0.256840
0 0.667080 0.154300 0.751840 0.154300 0.751840 0.186520 0.667080 0.186520
0 0.828010 0.365230 0.918920 0.365230 0.918920 0.397460 0.828010 0.397460
0 0.828010 0.503910 0.917690 0.503910 0.917690 0.537110 0.828010 0.537110
0 0.828010 0.434570 0.918920 0.434570 0.918920 0.466800 0.828010 0.466800
0 0.667080 0.503910 0.748160 0.503910 0.748160 0.536130 0.667080 0.536130
0 0.667080 0.434570 0.748160 0.434570 0.748160 0.466800 0.667080 0.466800
0 0.504910 0.503910 0.586000 0.503910 0.586000 0.536130 0.504910 0.536130
0 0.504910 0.433590 0.584770 0.433590 0.584770 0.465820 0.504910 0.465820
0 0.504910 0.364260 0.584770 0.364260 0.584770 0.395510 0.504910 0.395510
0 0.356270 0.502930 0.431200 0.502930 0.431200 0.536130 0.356270 0.536130
0 0.356270 0.434570 0.432430 0.434570 0.432430 0.465820 0.356270 0.465820
0 0.356270 0.364260 0.432430 0.364260 0.432430 0.396480 0.356270 0.396480
0 0.504910 0.293950 0.586000 0.293950 0.586000 0.326170 0.504910 0.326170
0 0.504910 0.224610 0.587220 0.224610 0.587220 0.255860 0.504910 0.255860
0 0.506140 0.154300 0.586000 0.154300 0.586000 0.186520 0.506140 0.186520
0 0.356270 0.293950 0.433660 0.293950 0.433660 0.326170 0.356270 0.326170
0 0.355040 0.224610 0.432430 0.224610 0.432430 0.255860 0.355040 0.255860
0 0.355040 0.154300 0.432430 0.154300 0.432430 0.186520 0.355040 0.186520
0 0.382060 0.059570 0.459460 0.059570 0.459460 0.090820 0.382060 0.090820
0 0.535630 0.060547 0.621620 0.060547 0.621620 0.092773 0.535630 0.092773
0 0.703930 0.059570 0.786240 0.059570 0.786240 0.094727 0.703930 0.094727
0 0.862410 0.064453 0.938570 0.064453 0.938570 0.093750 0.862410 0.093750
0 0.659710 0.707030 0.748160 0.707030 0.748160 0.715820 0.659710 0.715820
0 0.821870 0.706050 0.917690 0.706050 0.917690 0.717770 0.821870 0.717770
