0 0.183160 0.135740 0.329390 0.135740 0.329390 0.186520 0.183160 0.186520
0 0.184640 0.261720 0.329390 0.261720 0.329390 0.313480 0.184640 0.313480
0 0.183160 0.387700 0.327920 0.387700 0.327920 0.438480 0.183160 0.438480
0 0.184640 0.513670 0.329390 0.513670 0.329390 0.564450 0.184640 0.564450
0 0.183160 0.641600 0.329390 0.641600 0.329390 0.693360 0.183160 0.693360
0 0.462330 0.134770 0.621860 0.134770 0.621860 0.185550 0.462330 0.185550
0 0.463810 0.259770 0.623340 0.259770 0.623340 0.311520 0.463810 0.311520
0 0.463810 0.386720 0.623340 0.386720 0.623340 0.438480 0.463810 0.438480
0 0.462330 0.514650 0.621860 0.514650 0.621860 0.566410 0.462330 0.566410
0 0.463810 0.641600 0.623340 0.641600 0.623340 0.693360 0.463810 0.693360
0 0.214180 0.893550 0.320530 0.893550 0.320530 0.943360 0.214180 0.943360
0 0.214180 0.840820 0.320530 0.840820 0.320530 0.885740 0.214180 0.885740
0 0.454950 0.895510 0.564250 0.895510 0.564250 0.943360 0.454950 0.943360
0 0.454950 0.843750 0.564250 0.843750 0.564250 0.884770 0.454950 0.884770
1 0.756280 0.500000 0.949780 0.500000 0.949780 0.574220 0.756280 0.574220
