0 0.187410 0.242190 0.214770 0.242190 0.214770 0.281250 0.187410 0.281250
0 0.188780 0.373050 0.216140 0.373050 0.216140 0.411130 0.188780 0.411130
0 0.188780 0.503910 0.214770 0.503910 0.214770 0.542970 0.188780 0.542970
0 0.188780 0.638670 0.216140 0.638670 0.216140 0.676760 0.188780 0.676760
0 0.303690 0.234380 0.451440 0.234380 0.451440 0.291990 0.303690 0.291990
0 0.303690 0.365230 0.452800 0.365230 0.452800 0.422850 0.303690 0.422850
0 0.303690 0.498050 0.452800 0.498050 0.452800 0.554690 0.303690 0.554690
0 0.302330 0.628910 0.450070 0.628910 0.450070 0.686520 0.302330 0.686520
0 0.593710 0.234380 0.741450 0.234380 0.741450 0.291990 0.593710 0.291990
0 0.592340 0.365230 0.740080 0.365230 0.740080 0.422850 0.592340 0.422850
0 0.593710 0.498050 0.742820 0.498050 0.742820 0.554690 0.593710 0.554690
0 0.595080 0.629880 0.742820 0.629880 0.742820 0.686520 0.595080 0.686520
0 0.306430 0.059570 0.444600 0.059570 0.444600 0.117190 0.306430 0.117190
0 0.581400 0.058594 0.741450 0.058594 0.741450 0.117190 0.581400 0.117190
0 0.328320 0.787110 0.396720 0.787110 0.396720 0.868160 0.328320 0.868160
0 0.484270 0.801760 0.653900 0.801760 0.653900 0.899410 0.484270 0.899410
0 0.725030 0.802730 0.898770 0.802730 0.898770 0.899410 0.725030 0.899410
0 0.725030 0.772460 0.900140 0.772460 0.900140 0.796880 0.725030 0.796880
0 0.488370 0.772460 0.662110 0.772460 0.662110 0.796880 0.488370 0.796880
0 0.168260 0.068359 0.195620 0.068359 0.195620 0.108400 0.168260 0.108400
