0 0.487500 0.188480 0.677500 0.188480 0.677500 0.271480 0.487500 0.271480
0 0.486250 0.380860 0.676250 0.380860 0.676250 0.463870 0.486250 0.463870
0 0.485000 0.547850 0.675000 0.547850 0.675000 0.630860 0.485000 0.630860
0 0.487500 0.710940 0.677500 0.710940 0.677500 0.793950 0.487500 0.793950
0 0.488750 0.874020 0.678750 0.874020 0.678750 0.957030 0.488750 0.957030
0 0.173750 0.190430 0.305000 0.190430 0.305000 0.278320 0.173750 0.278320
0 0.170000 0.375000 0.302500 0.375000 0.302500 0.462890 0.170000 0.462890
0 0.172500 0.549800 0.305000 0.549800 0.305000 0.638670 0.172500 0.638670
0 0.173750 0.711910 0.306250 0.711910 0.306250 0.800780 0.173750 0.800780
0 0.177500 0.877930 0.310000 0.877930 0.310000 0.966800 0.177500 0.966800
1 0.893750 0.477540 0.988750 0.477540 0.988750 0.698240 0.893750 0.698240
1 0.870000 0.212890 0.991250 0.212890 0.991250 0.336910 0.870000 0.336910
