0 0.073242 0.158780 0.120120 0.158780 0.120120 0.283780 0.073242 0.283780
0 0.073242 0.699320 0.121090 0.699320 0.121090 0.824320 0.073242 0.824320
0 0.072266 0.415540 0.119140 0.415540 0.119140 0.570950 0.072266 0.570950
0 0.152340 0.162160 0.192380 0.162160 0.192380 0.287160 0.152340 0.287160
0 0.151370 0.702700 0.191410 0.702700 0.191410 0.827700 0.151370 0.827700
0 0.152340 0.415540 0.192380 0.415540 0.192380 0.574320 0.152340 0.574320
0 0.246090 0.148650 0.292970 0.148650 0.292970 0.290540 0.246090 0.290540
0 0.246090 0.692570 0.292970 0.692570 0.292970 0.834460 0.246090 0.834460
0 0.246090 0.415540 0.292970 0.415540 0.292970 0.574320 0.246090 0.574320
0 0.327150 0.152030 0.386720 0.152030 0.386720 0.280410 0.327150 0.280410
0 0.326170 0.702700 0.384770 0.702700 0.384770 0.834460 0.326170 0.834460
0 0.328120 0.412160 0.384770 0.412160 0.384770 0.574320 0.328120 0.574320
0 0.416020 0.415540 0.481450 0.415540 0.481450 0.574320 0.416020 0.574320
0 0.416990 0.712840 0.474610 0.712840 0.474610 0.837840 0.416990 0.837840
0 0.418950 0.158780 0.476560 0.158780 0.476560 0.283780 0.418950 0.283780
0 0.516600 0.716220 0.564450 0.716220 0.564450 0.847970 0.516600 0.847970
0 0.520510 0.148650 0.567380 0.148650 0.567380 0.280410 0.520510 0.280410
0 0.603520 0.716220 0.657230 0.716220 0.657230 0.837840 0.603520 0.837840
0 0.605470 0.162160 0.660160 0.162160 0.660160 0.287160 0.605470 0.287160
0 0.603520 0.418920 0.665040 0.418920 0.665040 0.584460 0.603520 0.584460
0 0.701170 0.418920 0.754880 0.418920 0.754880 0.581080 0.701170 0.581080
0 0.699220 0.712840 0.752930 0.712840 0.752930 0.841220 0.699220 0.841220
0 0.703120 0.162160 0.756840 0.162160 0.756840 0.280410 0.703120 0.280410
0 0.806640 0.381760 0.859380 0.381760 0.859380 0.743240 0.806640 0.743240
0 0.804690 0.793920 0.859380 0.793920 0.859380 0.847970 0.804690 0.847970
0 0.519530 0.385140 0.564450 0.385140 0.564450 0.614860 0.519530 0.614860
