0 0.587770 0.257810 0.706110 0.257810 0.706110 0.288090 0.587770 0.288090
0 0.589740 0.331050 0.706110 0.331050 0.706110 0.361330 0.589740 0.361330
0 0.589740 0.404300 0.706110 0.404300 0.706110 0.434570 0.589740 0.434570
0 0.589740 0.478520 0.706110 0.478520 0.706110 0.507810 0.589740 0.507810
0 0.587770 0.550780 0.706110 0.550780 0.706110 0.581050 0.587770 0.581050
0 0.589740 0.625000 0.708090 0.625000 0.708090 0.654300 0.589740 0.654300
0 0.589740 0.696290 0.706110 0.696290 0.706110 0.726560 0.589740 0.726560
0 0.587770 0.797850 0.706110 0.797850 0.706110 0.828120 0.587770 0.828120
0 0.431950 0.796880 0.522680 0.796880 0.522680 0.825200 0.431950 0.825200
0 0.433930 0.698240 0.524650 0.698240 0.524650 0.725590 0.433930 0.725590
0 0.433930 0.625000 0.524650 0.625000 0.524650 0.652340 0.433930 0.652340
0 0.433930 0.551760 0.522680 0.551760 0.522680 0.579100 0.433930 0.579100
0 0.433930 0.478520 0.524650 0.478520 0.524650 0.505860 0.433930 0.505860
0 0.431950 0.405270 0.524650 0.405270 0.524650 0.433590 0.431950 0.433590
0 0.433930 0.333010 0.524650 0.333010 0.524650 0.360350 0.433930 0.360350
0 0.433930 0.257810 0.524650 0.257810 0.524650 0.285160 0.433930 0.285160
0 0.589740 0.125000 0.706110 0.125000 0.706110 0.158200 0.589740 0.158200
0 0.433930 0.125000 0.524650 0.125000 0.524650 0.155270 0.433930 0.155270
0 0.232740 0.113280 0.315580 0.113280 0.315580 0.144530 0.232740 0.144530
0 0.240630 0.796880 0.319530 0.796880 0.319530 0.824220 0.240630 0.824220
0 0.132150 0.803710 0.169630 0.803710 0.169630 0.819340 0.132150 0.819340
0 0.175540 0.726560 0.209070 0.726560 0.209070 0.743160 0.175540 0.743160
0 0.173570 0.659180 0.207100 0.659180 0.207100 0.674800 0.173570 0.674800
0 0.173570 0.519530 0.207100 0.519530 0.207100 0.536130 0.173570 0.536130
0 0.173570 0.451170 0.207100 0.451170 0.207100 0.467770 0.173570 0.467770
0 0.173570 0.381840 0.207100 0.381840 0.207100 0.398440 0.173570 0.398440
0 0.173570 0.317380 0.207100 0.317380 0.207100 0.333010 0.173570 0.333010
0 0.268240 0.302730 0.321500 0.302730 0.321500 0.329100 0.268240 0.329100
0 0.284020 0.238280 0.321500 0.238280 0.321500 0.266600 0.284020 0.266600
0 0.272190 0.652340 0.323470 0.652340 0.323470 0.676760 0.272190 0.676760
0 0.272190 0.721680 0.323470 0.721680 0.323470 0.746090 0.272190 0.746090
0 0.270220 0.582030 0.323470 0.582030 0.323470 0.606450 0.270220 0.606450
0 0.783040 0.475590 0.899410 0.475590 0.899410 0.504880 0.783040 0.504880
0 0.781070 0.550780 0.897440 0.550780 0.897440 0.579100 0.781070 0.579100
0 0.781070 0.403320 0.897440 0.403320 0.897440 0.431640 0.781070 0.431640
0 0.781070 0.328120 0.897440 0.328120 0.897440 0.357420 0.781070 0.357420
0 0.783040 0.254880 0.899410 0.254880 0.899410 0.284180 0.783040 0.284180
0 0.783040 0.104490 0.899410 0.104490 0.899410 0.132810 0.783040 0.132810
0 0.173570 0.588870 0.207100 0.588870 0.207100 0.605470 0.173570 0.605470
