0 0.214840 0.072600 0.306640 0.072600 0.306640 0.132320 0.214840 0.132320
0 0.213870 0.470730 0.307620 0.470730 0.307620 0.530440 0.213870 0.530440
0 0.213870 0.868850 0.307620 0.868850 0.307620 0.929740 0.213870 0.929740
0 0.395510 0.873540 0.490230 0.873540 0.490230 0.933260 0.395510 0.933260
0 0.394530 0.471900 0.489260 0.471900 0.489260 0.532790 0.394530 0.532790
0 0.396480 0.073770 0.490230 0.073770 0.490230 0.133490 0.396480 0.133490
0 0.580080 0.077283 0.682620 0.077283 0.682620 0.134660 0.580080 0.134660
0 0.582030 0.476580 0.682620 0.476580 0.682620 0.532790 0.582030 0.532790
0 0.584960 0.873540 0.685550 0.873540 0.685550 0.929740 0.584960 0.929740
0 0.583010 0.710770 0.684570 0.710770 0.684570 0.751760 0.583010 0.751760
0 0.583010 0.658080 0.684570 0.658080 0.684570 0.699060 0.583010 0.699060
0 0.581050 0.306790 0.682620 0.306790 0.682620 0.347780 0.581050 0.347780
0 0.582030 0.257610 0.682620 0.257610 0.682620 0.298590 0.582030 0.298590
0 0.213870 0.255270 0.308590 0.255270 0.308590 0.295080 0.213870 0.295080
0 0.213870 0.303280 0.307620 0.303280 0.307620 0.343090 0.213870 0.343090
0 0.214840 0.652220 0.309570 0.652220 0.309570 0.692040 0.214840 0.692040
0 0.211910 0.707260 0.305660 0.707260 0.305660 0.747070 0.211910 0.747070
0 0.393550 0.704920 0.487300 0.704920 0.487300 0.744730 0.393550 0.744730
0 0.395510 0.654570 0.490230 0.654570 0.490230 0.694380 0.395510 0.694380
0 0.391600 0.307960 0.490230 0.307960 0.490230 0.346600 0.391600 0.346600
0 0.393550 0.256440 0.492190 0.256440 0.492190 0.295080 0.393550 0.295080
1 0.837890 0.460190 0.988280 0.460190 0.988280 0.545670 0.837890 0.545670
0 0.767580 0.230680 0.986330 0.230680 0.986330 0.374710 0.767580 0.374710
0 0.768550 0.631150 0.987300 0.631150 0.987300 0.775180 0.768550 0.775180
0 0.766600 0.048009 0.980470 0.048009 0.980470 0.158080 0.766600 0.158080
0 0.773440 0.851290 0.988280 0.851290 0.988280 0.961360 0.773440 0.961360
0 0.767580 0.459020 0.813480 0.459020 0.813480 0.546840 0.767580 0.546840
