0 0.275770 0.149410 0.398330 0.149410 0.398330 0.199220 0.275770 0.199220
0 0.279940 0.284180 0.401110 0.284180 0.401110 0.333010 0.279940 0.333010
0 0.279940 0.385740 0.401110 0.385740 0.401110 0.435550 0.279940 0.435550
0 0.281340 0.489260 0.403900 0.489260 0.403900 0.538090 0.281340 0.538090
0 0.281340 0.589840 0.401110 0.589840 0.401110 0.638670 0.281340 0.638670
0 0.282730 0.692380 0.402510 0.692380 0.402510 0.741210 0.282730 0.741210
0 0.282730 0.792970 0.402510 0.792970 0.402510 0.841800 0.282730 0.841800
0 0.282730 0.894530 0.402510 0.894530 0.402510 0.943360 0.282730 0.943360
0 0.511140 0.153320 0.644850 0.153320 0.644850 0.202150 0.511140 0.202150
0 0.515320 0.693360 0.649030 0.693360 0.649030 0.741210 0.515320 0.741210
0 0.515320 0.795900 0.649030 0.795900 0.649030 0.843750 0.515320 0.843750
0 0.515320 0.896480 0.649030 0.896480 0.649030 0.944340 0.515320 0.944340
0 0.760450 0.285160 0.901110 0.285160 0.901110 0.335940 0.760450 0.335940
0 0.760450 0.389650 0.902510 0.389650 0.902510 0.440430 0.760450 0.440430
0 0.760450 0.491210 0.902510 0.491210 0.902510 0.541990 0.760450 0.541990
0 0.760450 0.590820 0.901110 0.590820 0.901110 0.642580 0.760450 0.642580
0 0.760450 0.689450 0.901110 0.689450 0.901110 0.741210 0.760450 0.741210
0 0.760450 0.791990 0.901110 0.791990 0.901110 0.842770 0.760450 0.842770
0 0.759050 0.892580 0.901110 0.892580 0.901110 0.944340 0.759050 0.944340
1 0.756270 0.135740 0.965180 0.135740 0.965180 0.235350 0.756270 0.235350
0 0.513930 0.590820 0.649030 0.590820 0.649030 0.638670 0.513930 0.638670
0 0.511140 0.491210 0.646240 0.491210 0.646240 0.537110 0.511140 0.537110
0 0.509750 0.390620 0.644850 0.390620 0.644850 0.436520 0.509750 0.436520
0 0.508360 0.288090 0.643450 0.288090 0.643450 0.333980 0.508360 0.333980
0 0.157380 0.159180 0.181060 0.159180 0.181060 0.191410 0.157380 0.191410
0 0.162950 0.290040 0.186630 0.290040 0.186630 0.322270 0.162950 0.322270
0 0.164350 0.394530 0.188020 0.394530 0.188020 0.426760 0.164350 0.426760
0 0.165740 0.499020 0.188020 0.499020 0.188020 0.531250 0.165740 0.531250
0 0.165740 0.701170 0.188020 0.701170 0.188020 0.733400 0.165740 0.733400
0 0.165740 0.802730 0.188020 0.802730 0.188020 0.833980 0.165740 0.833980
0 0.164350 0.904300 0.188020 0.904300 0.188020 0.936520 0.164350 0.936520
0 0.165740 0.599610 0.188020 0.599610 0.188020 0.631840 0.165740 0.631840
