0 0.187650 0.090820 0.266670 0.090820 0.266670 0.137700 0.187650 0.137700
0 0.322220 0.088867 0.401230 0.088867 0.401230 0.137700 0.322220 0.137700
0 0.459260 0.086914 0.537040 0.086914 0.537040 0.136720 0.459260 0.136720
0 0.591360 0.086914 0.670370 0.086914 0.670370 0.136720 0.591360 0.136720
0 0.725930 0.085938 0.804940 0.085938 0.804940 0.135740 0.725930 0.135740
0 0.186420 0.900390 0.265430 0.900390 0.265430 0.950200 0.186420 0.950200
0 0.325930 0.902340 0.403700 0.902340 0.403700 0.952150 0.325930 0.952150
0 0.458020 0.902340 0.537040 0.902340 0.537040 0.952150 0.458020 0.952150
0 0.595060 0.904300 0.674070 0.904300 0.674070 0.954100 0.595060 0.954100
0 0.729630 0.903320 0.808640 0.903320 0.808640 0.953120 0.729630 0.953120
0 0.186420 0.215820 0.266670 0.215820 0.266670 0.248050 0.186420 0.248050
0 0.185190 0.292970 0.265430 0.292970 0.265430 0.325200 0.185190 0.325200
0 0.186420 0.349610 0.267900 0.349610 0.267900 0.381840 0.186420 0.381840
0 0.185190 0.416990 0.266670 0.416990 0.266670 0.449220 0.185190 0.449220
0 0.185190 0.487300 0.266670 0.487300 0.266670 0.519530 0.185190 0.519530
0 0.319750 0.214840 0.401230 0.214840 0.401230 0.247070 0.319750 0.247070
0 0.319750 0.291990 0.400000 0.291990 0.400000 0.322270 0.319750 0.322270
0 0.319750 0.350590 0.400000 0.350590 0.400000 0.380860 0.319750 0.380860
0 0.319750 0.417970 0.400000 0.417970 0.400000 0.449220 0.319750 0.449220
0 0.320990 0.486330 0.401230 0.486330 0.401230 0.517580 0.320990 0.517580
0 0.323460 0.544920 0.403700 0.544920 0.403700 0.576170 0.323460 0.576170
0 0.320990 0.615230 0.401230 0.615230 0.401230 0.645510 0.320990 0.645510
0 0.186420 0.615230 0.266670 0.615230 0.266670 0.646480 0.186420 0.646480
0 0.183950 0.545900 0.264200 0.545900 0.264200 0.576170 0.183950 0.576170
0 0.458020 0.215820 0.538270 0.215820 0.538270 0.246090 0.458020 0.246090
0 0.458020 0.292970 0.538270 0.292970 0.538270 0.324220 0.458020 0.324220
0 0.456790 0.348630 0.537040 0.348630 0.537040 0.378910 0.456790 0.378910
0 0.458020 0.417970 0.538270 0.417970 0.538270 0.449220 0.458020 0.449220
0 0.456790 0.489260 0.537040 0.489260 0.537040 0.520510 0.456790 0.520510
0 0.455560 0.546880 0.535800 0.546880 0.535800 0.577150 0.455560 0.577150
0 0.458020 0.616210 0.538270 0.616210 0.538270 0.647460 0.458020 0.647460
0 0.590120 0.215820 0.670370 0.215820 0.670370 0.246090 0.590120 0.246090
0 0.591360 0.292970 0.671600 0.292970 0.671600 0.324220 0.591360 0.324220
0 0.592590 0.348630 0.672840 0.348630 0.672840 0.379880 0.592590 0.379880
0 0.592590 0.418950 0.672840 0.418950 0.672840 0.450200 0.592590 0.450200
0 0.593830 0.490230 0.674070 0.490230 0.674070 0.520510 0.593830 0.520510
0 0.592590 0.548830 0.672840 0.548830 0.672840 0.580080 0.592590 0.580080
0 0.592590 0.617190 0.672840 0.617190 0.672840 0.648440 0.592590 0.648440
0 0.186420 0.684570 0.265430 0.684570 0.265430 0.715820 0.186420 0.715820
0 0.187650 0.741210 0.267900 0.741210 0.267900 0.772460 0.187650 0.772460
0 0.187650 0.818360 0.267900 0.818360 0.267900 0.849610 0.187650 0.849610
0 0.319750 0.820310 0.400000 0.820310 0.400000 0.851560 0.319750 0.851560
0 0.322220 0.741210 0.402470 0.741210 0.402470 0.772460 0.322220 0.772460
0 0.320990 0.686520 0.401230 0.686520 0.401230 0.716800 0.320990 0.716800
0 0.456790 0.686520 0.537040 0.686520 0.537040 0.717770 0.456790 0.717770
0 0.458020 0.741210 0.538270 0.741210 0.538270 0.772460 0.458020 0.772460
0 0.456790 0.820310 0.537040 0.820310 0.537040 0.851560 0.456790 0.851560
0 0.593830 0.822270 0.674070 0.822270 0.674070 0.853520 0.593830 0.853520
0 0.593830 0.741210 0.674070 0.741210 0.674070 0.772460 0.593830 0.772460
0 0.593830 0.688480 0.674070 0.688480 0.674070 0.719730 0.593830 0.719730
0 0.728400 0.820310 0.807410 0.820310 0.807410 0.851560 0.728400 0.851560
0 0.728400 0.741210 0.807410 0.741210 0.807410 0.772460 0.728400 0.772460
0 0.729630 0.686520 0.809880 0.686520 0.809880 0.716800 0.729630 0.716800
0 0.728400 0.617190 0.808640 0.617190 0.808640 0.647460 0.728400 0.647460
0 0.728400 0.543950 0.808640 0.543950 0.808640 0.574220 0.728400 0.574220
0 0.725930 0.489260 0.806170 0.489260 0.806170 0.519530 0.725930 0.519530
0 0.728400 0.418950 0.807410 0.418950 0.807410 0.450200 0.728400 0.450200
0 0.725930 0.215820 0.806170 0.215820 0.806170 0.246090 0.725930 0.246090
0 0.727160 0.348630 0.807410 0.348630 0.807410 0.379880 0.727160 0.379880
0 0.727160 0.292970 0.806170 0.292970 0.806170 0.324220 0.727160 0.324220
1 0.881480 0.250980 0.990120 0.250980 0.990120 0.288090 0.881480 0.288090
1 0.882720 0.440430 0.991360 0.440430 0.991360 0.477540 0.882720 0.477540
1 0.885190 0.605470 0.993830 0.605470 0.993830 0.642580 0.885190 0.642580
1 0.914810 0.090820 0.995060 0.090820 0.995060 0.129880 0.914810 0.129880
