0 0.003906 0.090695 0.028320 0.090695 0.028320 0.130740 0.003906 0.130740
0 0.001953 0.206120 0.024414 0.206120 0.024414 0.232040 0.001953 0.232040
0 0.002930 0.173140 0.020508 0.173140 0.020508 0.197880 0.002930 0.197880
0 0.001953 0.275620 0.021484 0.275620 0.021484 0.309780 0.001953 0.309780
0 0.002930 0.381630 0.025391 0.381630 0.025391 0.418140 0.002930 0.418140
0 0.002930 0.468790 0.015625 0.468790 0.015625 0.495880 0.002930 0.495880
0 0.004883 0.579510 0.027344 0.579510 0.027344 0.616020 0.004883 0.616020
0 0.007812 0.865720 0.024414 0.865720 0.024414 0.898700 0.007812 0.898700
0 0.004883 0.798590 0.028320 0.798590 0.028320 0.825680 0.004883 0.825680
0 0.004883 0.765610 0.021484 0.765610 0.021484 0.790340 0.004883 0.790340
0 0.003906 0.505300 0.026367 0.505300 0.026367 0.531210 0.003906 0.531210
0 0.005859 0.691400 0.029297 0.691400 0.029297 0.724380 0.005859 0.724380
0 0.067383 0.869260 0.098633 0.869260 0.098633 0.908130 0.067383 0.908130
0 0.063477 0.766780 0.096680 0.766780 0.096680 0.810370 0.063477 0.810370
0 0.063477 0.671380 0.094727 0.671380 0.094727 0.709070 0.063477 0.709070
0 0.063477 0.570080 0.094727 0.570080 0.094727 0.607770 0.063477 0.607770
0 0.059570 0.462900 0.093750 0.462900 0.093750 0.507660 0.059570 0.507660
0 0.061523 0.366310 0.093750 0.366310 0.093750 0.406360 0.061523 0.406360
0 0.062500 0.265020 0.094727 0.265020 0.094727 0.305060 0.062500 0.305060
0 0.060547 0.159010 0.094727 0.159010 0.094727 0.202590 0.060547 0.202590
0 0.065430 0.064782 0.094727 0.064782 0.094727 0.102470 0.065430 0.102470
0 0.148440 0.060071 0.196290 0.060071 0.196290 0.103650 0.148440 0.103650
0 0.144530 0.160190 0.192380 0.160190 0.192380 0.203770 0.144530 0.203770
0 0.143550 0.262660 0.191410 0.262660 0.191410 0.306240 0.143550 0.306240
0 0.143550 0.361600 0.191410 0.361600 0.191410 0.405180 0.143550 0.405180
0 0.149410 0.866900 0.197270 0.866900 0.197270 0.910480 0.149410 0.910480
0 0.141600 0.465250 0.188480 0.465250 0.188480 0.508830 0.141600 0.508830
0 0.144530 0.565370 0.192380 0.565370 0.192380 0.608950 0.144530 0.608950
0 0.144530 0.666670 0.192380 0.666670 0.192380 0.710250 0.144530 0.710250
0 0.145510 0.767960 0.193360 0.767960 0.193360 0.811540 0.145510 0.811540
0 0.225590 0.058893 0.251950 0.058893 0.251950 0.102470 0.225590 0.102470
0 0.223630 0.159010 0.250000 0.159010 0.250000 0.202590 0.223630 0.202590
0 0.223630 0.260310 0.250000 0.260310 0.250000 0.303890 0.223630 0.303890
0 0.220700 0.362780 0.247070 0.362780 0.247070 0.406360 0.220700 0.406360
0 0.221680 0.464080 0.248050 0.464080 0.248050 0.507660 0.221680 0.507660
0 0.221680 0.564190 0.248050 0.564190 0.248050 0.607770 0.221680 0.607770
0 0.223630 0.667840 0.250000 0.667840 0.250000 0.711430 0.223630 0.711430
0 0.223630 0.766780 0.250000 0.766780 0.250000 0.810370 0.223630 0.810370
0 0.226560 0.865720 0.252930 0.865720 0.252930 0.910480 0.226560 0.910480
0 0.304690 0.866900 0.345700 0.866900 0.345700 0.914020 0.304690 0.914020
0 0.302730 0.766780 0.343750 0.766780 0.343750 0.813900 0.302730 0.813900
0 0.302730 0.667840 0.344730 0.667840 0.344730 0.714960 0.302730 0.714960
0 0.302730 0.564190 0.344730 0.564190 0.344730 0.611310 0.302730 0.611310
0 0.301760 0.462900 0.342770 0.462900 0.342770 0.510010 0.301760 0.510010
0 0.303710 0.359250 0.345700 0.359250 0.345700 0.406360 0.303710 0.406360
0 0.305660 0.257950 0.346680 0.257950 0.346680 0.305060 0.305660 0.305060
0 0.306640 0.156650 0.347660 0.156650 0.347660 0.201410 0.306640 0.201410
0 0.306640 0.057715 0.348630 0.057715 0.348630 0.102470 0.306640 0.102470
0 0.387700 0.055359 0.428710 0.055359 0.428710 0.100120 0.387700 0.100120
0 0.386720 0.155480 0.427730 0.155480 0.427730 0.200240 0.386720 0.200240
0 0.385740 0.257950 0.427730 0.257950 0.427730 0.302710 0.385740 0.302710
0 0.384770 0.359250 0.425780 0.359250 0.425780 0.404000 0.384770 0.404000
0 0.382810 0.461720 0.423830 0.461720 0.423830 0.505300 0.382810 0.505300
0 0.383790 0.565370 0.424800 0.565370 0.424800 0.610130 0.383790 0.610130
0 0.383790 0.667840 0.424800 0.667840 0.424800 0.712600 0.383790 0.712600
0 0.383790 0.769140 0.425780 0.769140 0.425780 0.813900 0.383790 0.813900
0 0.385740 0.866900 0.426760 0.866900 0.426760 0.911660 0.385740 0.911660
0 0.463870 0.869260 0.515620 0.869260 0.515620 0.912840 0.463870 0.912840
0 0.461910 0.770320 0.512700 0.770320 0.512700 0.812720 0.461910 0.812720
0 0.463870 0.667840 0.515620 0.667840 0.515620 0.711430 0.463870 0.711430
0 0.463870 0.566550 0.514650 0.566550 0.514650 0.608950 0.463870 0.608950
0 0.462890 0.461720 0.513670 0.461720 0.513670 0.504120 0.462890 0.504120
0 0.464840 0.359250 0.515620 0.359250 0.515620 0.401650 0.464840 0.401650
0 0.466800 0.259130 0.517580 0.259130 0.517580 0.301530 0.466800 0.301530
0 0.466800 0.156650 0.517580 0.156650 0.517580 0.200240 0.466800 0.200240
0 0.468750 0.058893 0.519530 0.058893 0.519530 0.102470 0.468750 0.102470
0 0.550780 0.058893 0.593750 0.058893 0.593750 0.100120 0.550780 0.100120
0 0.548830 0.159010 0.590820 0.159010 0.590820 0.200240 0.548830 0.200240
0 0.550780 0.360420 0.593750 0.360420 0.593750 0.401650 0.550780 0.401650
0 0.543950 0.458190 0.600590 0.458190 0.600590 0.506480 0.543950 0.506480
0 0.545900 0.561840 0.587890 0.561840 0.587890 0.611310 0.545900 0.611310
0 0.543950 0.663130 0.585940 0.663130 0.585940 0.711430 0.543950 0.711430
0 0.544920 0.769140 0.598630 0.769140 0.598630 0.811540 0.544920 0.811540
0 0.542970 0.871610 0.585940 0.871610 0.585940 0.914020 0.542970 0.914020
0 0.547850 0.256770 0.591800 0.256770 0.591800 0.300350 0.547850 0.300350
0 0.629880 0.061249 0.674800 0.061249 0.674800 0.102470 0.629880 0.102470
0 0.627930 0.159010 0.672850 0.159010 0.672850 0.200240 0.627930 0.200240
0 0.629880 0.256770 0.671880 0.256770 0.671880 0.301530 0.629880 0.301530
0 0.627930 0.358070 0.671880 0.358070 0.671880 0.404000 0.627930 0.404000
0 0.721680 0.060071 0.761720 0.060071 0.761720 0.106010 0.721680 0.106010
0 0.724610 0.156650 0.764650 0.156650 0.764650 0.201410 0.724610 0.201410
0 0.800780 0.065960 0.842770 0.065960 0.842770 0.108360 0.800780 0.108360
0 0.801760 0.162540 0.843750 0.162540 0.843750 0.204950 0.801760 0.204950
0 0.802730 0.259130 0.844730 0.259130 0.844730 0.301530 0.802730 0.301530
0 0.803710 0.359250 0.845700 0.359250 0.845700 0.401650 0.803710 0.401650
0 0.722660 0.358070 0.764650 0.358070 0.764650 0.401650 0.722660 0.401650
0 0.721680 0.257950 0.764650 0.257950 0.764650 0.300350 0.721680 0.300350
0 0.720700 0.460540 0.763670 0.460540 0.763670 0.504120 0.720700 0.504120
0 0.625000 0.460540 0.667970 0.460540 0.667970 0.504120 0.625000 0.504120
0 0.626950 0.566550 0.668950 0.566550 0.668950 0.610130 0.626950 0.610130
0 0.627930 0.667840 0.669920 0.667840 0.669920 0.711430 0.627930 0.711430
0 0.718750 0.666670 0.760740 0.666670 0.760740 0.710250 0.718750 0.710250
0 0.720700 0.565370 0.763670 0.565370 0.763670 0.607770 0.720700 0.607770
0 0.802730 0.459360 0.845700 0.459360 0.845700 0.502940 0.802730 0.502940
0 0.802730 0.563020 0.844730 0.563020 0.844730 0.605420 0.802730 0.605420
0 0.801760 0.664310 0.843750 0.664310 0.843750 0.707890 0.801760 0.707890
0 0.626950 0.767960 0.668950 0.767960 0.668950 0.811540 0.626950 0.811540
0 0.626950 0.869260 0.669920 0.869260 0.669920 0.911660 0.626950 0.911660
0 0.719730 0.767960 0.761720 0.767960 0.761720 0.811540 0.719730 0.811540
0 0.719730 0.870440 0.762700 0.870440 0.762700 0.914020 0.719730 0.914020
0 0.799800 0.865720 0.841800 0.865720 0.841800 0.909310 0.799800 0.909310
0 0.800780 0.766780 0.843750 0.766780 0.843750 0.809190 0.800780 0.809190
