0 0.059570 0.123290 0.140620 0.123290 0.140620 0.214040 0.059570 0.214040
0 0.059570 0.787670 0.140620 0.787670 0.140620 0.878420 0.059570 0.878420
0 0.176760 0.119860 0.257810 0.119860 0.257810 0.212330 0.176760 0.212330
0 0.173830 0.791100 0.254880 0.791100 0.254880 0.883560 0.173830 0.883560
0 0.284180 0.116440 0.365230 0.116440 0.365230 0.208900 0.284180 0.208900
0 0.284180 0.785960 0.365230 0.785960 0.365230 0.878420 0.284180 0.878420
0 0.404300 0.119860 0.465820 0.119860 0.465820 0.208900 0.404300 0.208900
0 0.403320 0.789380 0.464840 0.789380 0.464840 0.878420 0.403320 0.878420
0 0.542970 0.797950 0.599610 0.797950 0.599610 0.869860 0.542970 0.869860
0 0.544920 0.123290 0.601560 0.123290 0.601560 0.196920 0.544920 0.196920
0 0.541990 0.455480 0.626950 0.455480 0.626950 0.530820 0.541990 0.530820
0 0.690430 0.448630 0.804690 0.448630 0.804690 0.535960 0.690430 0.535960
0 0.691410 0.126710 0.778320 0.126710 0.778320 0.198630 0.691410 0.198630
0 0.693360 0.791100 0.780270 0.791100 0.780270 0.864730 0.693360 0.864730
0 0.851560 0.130140 0.910160 0.130140 0.910160 0.196920 0.851560 0.196920
0 0.851560 0.794520 0.910160 0.794520 0.910160 0.863010 0.851560 0.863010
0 0.058594 0.386990 0.130860 0.386990 0.130860 0.606160 0.058594 0.606160
0 0.174800 0.388700 0.251950 0.388700 0.251950 0.609590 0.174800 0.609590
0 0.401370 0.452050 0.490230 0.452050 0.490230 0.535960 0.401370 0.535960
0 0.283200 0.457190 0.358400 0.457190 0.358400 0.535960 0.283200 0.535960
1 0.851560 0.398970 0.991210 0.398970 0.991210 0.597600 0.851560 0.597600
