0 0.187010 0.073242 0.458440 0.073242 0.458440 0.167970 0.187010 0.167970
0 0.189610 0.265620 0.455840 0.265620 0.455840 0.356450 0.189610 0.356450
0 0.190910 0.455080 0.457140 0.455080 0.457140 0.546880 0.190910 0.546880
0 0.190910 0.639650 0.457140 0.639650 0.457140 0.730470 0.190910 0.730470
0 0.189610 0.833010 0.455840 0.833010 0.455840 0.923830 0.189610 0.923830
0 0.623380 0.266600 0.874030 0.266600 0.874030 0.361330 0.623380 0.361330
0 0.627270 0.079102 0.879220 0.079102 0.879220 0.173830 0.627270 0.173830
0 0.623380 0.631840 0.875320 0.631840 0.875320 0.732420 0.623380 0.732420
0 0.620780 0.825200 0.872730 0.825200 0.872730 0.925780 0.620780 0.925780
1 0.677920 0.452150 0.979220 0.452150 0.979220 0.549800 0.677920 0.549800
0 0.607790 0.448240 0.664940 0.448240 0.664940 0.548830 0.607790 0.548830
