0 0.171630 0.189450 0.332540 0.189450 0.332540 0.226560 0.171630 0.226560
0 0.170440 0.236330 0.332540 0.236330 0.332540 0.273440 0.170440 0.273440
0 0.175210 0.098633 0.336110 0.098633 0.336110 0.135740 0.175210 0.135740
0 0.178780 0.031250 0.340880 0.031250 0.340880 0.068359 0.178780 0.068359
0 0.170440 0.333980 0.332540 0.333980 0.332540 0.371090 0.170440 0.371090
0 0.169250 0.392580 0.331350 0.392580 0.331350 0.429690 0.169250 0.429690
0 0.169250 0.461910 0.331350 0.461910 0.331350 0.499020 0.169250 0.499020
0 0.170440 0.521480 0.332540 0.521480 0.332540 0.558590 0.170440 0.558590
0 0.171630 0.588870 0.333730 0.588870 0.333730 0.625980 0.171630 0.625980
0 0.174020 0.646480 0.334920 0.646480 0.334920 0.683590 0.174020 0.683590
0 0.175210 0.736330 0.336110 0.736330 0.336110 0.773440 0.175210 0.773440
0 0.176400 0.792970 0.337310 0.792970 0.337310 0.830080 0.176400 0.830080
0 0.176400 0.872070 0.337310 0.872070 0.337310 0.909180 0.176400 0.909180
0 0.178780 0.923830 0.340880 0.923830 0.340880 0.960940 0.178780 0.960940
0 0.427890 0.032227 0.603100 0.032227 0.603100 0.071289 0.427890 0.071289
0 0.426700 0.096680 0.600720 0.096680 0.600720 0.135740 0.426700 0.135740
0 0.425510 0.188480 0.599520 0.188480 0.599520 0.227540 0.425510 0.227540
0 0.425510 0.238280 0.599520 0.238280 0.599520 0.277340 0.425510 0.277340
0 0.427890 0.334960 0.601910 0.334960 0.601910 0.374020 0.427890 0.374020
0 0.425510 0.396480 0.599520 0.396480 0.599520 0.434570 0.425510 0.434570
0 0.427890 0.466800 0.601910 0.466800 0.601910 0.505860 0.427890 0.505860
0 0.426700 0.525390 0.600720 0.525390 0.600720 0.564450 0.426700 0.564450
0 0.427890 0.594730 0.601910 0.594730 0.601910 0.633790 0.427890 0.633790
0 0.426700 0.650390 0.600720 0.650390 0.600720 0.689450 0.426700 0.689450
0 0.426700 0.741210 0.600720 0.741210 0.600720 0.780270 0.426700 0.780270
0 0.429080 0.797850 0.603100 0.797850 0.603100 0.836910 0.429080 0.836910
0 0.427890 0.874020 0.601910 0.874020 0.601910 0.913090 0.427890 0.913090
0 0.427890 0.931640 0.601910 0.931640 0.601910 0.970700 0.427890 0.970700
1 0.794990 0.021484 0.970200 0.021484 0.970200 0.074219 0.794990 0.074219
1 0.690110 0.418950 0.980930 0.418950 0.980930 0.492190 0.690110 0.492190
