0 0.117190 0.049528 0.229490 0.049528 0.229490 0.094340 0.117190 0.094340
0 0.115230 0.169810 0.228520 0.169810 0.228520 0.213440 0.115230 0.213440
0 0.115230 0.293630 0.228520 0.293630 0.228520 0.337260 0.115230 0.337260
0 0.115230 0.418630 0.229490 0.418630 0.229490 0.466980 0.115230 0.466980
0 0.115230 0.541270 0.230470 0.541270 0.230470 0.589620 0.115230 0.589620
0 0.119140 0.665090 0.234380 0.665090 0.234380 0.713440 0.119140 0.713440
0 0.124020 0.784200 0.239260 0.784200 0.239260 0.832550 0.124020 0.832550
0 0.125980 0.904480 0.240230 0.904480 0.240230 0.952830 0.125980 0.952830
0 0.333010 0.047170 0.451170 0.047170 0.451170 0.097877 0.333010 0.097877
0 0.331050 0.170990 0.454100 0.170990 0.454100 0.221700 0.331050 0.221700
0 0.332030 0.292450 0.454100 0.292450 0.454100 0.344340 0.332030 0.344340
0 0.333980 0.419810 0.456050 0.419810 0.456050 0.470520 0.333980 0.470520
0 0.335940 0.545990 0.458980 0.545990 0.458980 0.596700 0.335940 0.596700
0 0.337890 0.668630 0.459960 0.668630 0.459960 0.719340 0.337890 0.719340
0 0.337890 0.790090 0.459960 0.790090 0.459960 0.840800 0.337890 0.840800
0 0.337890 0.910380 0.460940 0.910380 0.460940 0.961080 0.337890 0.961080
0 0.579100 0.044811 0.710940 0.044811 0.710940 0.102590 0.579100 0.102590
0 0.580080 0.168630 0.711910 0.168630 0.711910 0.226420 0.580080 0.226420
0 0.581050 0.294810 0.712890 0.294810 0.712890 0.352590 0.581050 0.352590
0 0.581050 0.419810 0.712890 0.419810 0.712890 0.477590 0.581050 0.477590
0 0.581050 0.543630 0.712890 0.543630 0.712890 0.601420 0.581050 0.601420
0 0.581050 0.667450 0.713870 0.667450 0.713870 0.725240 0.581050 0.725240
0 0.582030 0.786560 0.713870 0.786560 0.713870 0.844340 0.582030 0.844340
0 0.583010 0.908020 0.711910 0.908020 0.711910 0.964620 0.583010 0.964620
1 0.818360 0.168630 0.993160 0.168630 0.993160 0.229950 0.818360 0.229950
