0 0.132300 0.024414 0.243190 0.024414 0.243190 0.058594 0.132300 0.058594
0 0.105060 0.254880 0.215950 0.254880 0.215950 0.289060 0.105060 0.289060
0 0.105060 0.333010 0.215950 0.333010 0.215950 0.367190 0.105060 0.367190
0 0.101170 0.491210 0.212060 0.491210 0.212060 0.525390 0.101170 0.525390
0 0.101170 0.569340 0.212060 0.569340 0.212060 0.605470 0.101170 0.605470
0 0.303500 0.570310 0.426070 0.570310 0.426070 0.608400 0.303500 0.608400
0 0.299610 0.491210 0.422180 0.491210 0.422180 0.527340 0.299610 0.527340
0 0.301560 0.411130 0.424120 0.411130 0.424120 0.447270 0.301560 0.447270
0 0.305450 0.330080 0.428020 0.330080 0.428020 0.367190 0.305450 0.367190
0 0.326850 0.022461 0.449420 0.022461 0.449420 0.058594 0.326850 0.058594
0 0.305450 0.250980 0.428020 0.250980 0.428020 0.286130 0.305450 0.286130
0 0.546690 0.023438 0.677040 0.023438 0.677040 0.059570 0.546690 0.059570
0 0.531130 0.250980 0.665370 0.250980 0.665370 0.288090 0.531130 0.288090
0 0.527240 0.330080 0.663420 0.330080 0.663420 0.367190 0.527240 0.367190
0 0.525290 0.412110 0.659530 0.412110 0.659530 0.449220 0.525290 0.449220
0 0.525290 0.489260 0.659530 0.489260 0.659530 0.526370 0.525290 0.526370
0 0.525290 0.571290 0.661480 0.571290 0.661480 0.609380 0.525290 0.609380
0 0.101170 0.411130 0.200390 0.411130 0.200390 0.448240 0.101170 0.448240
0 0.099222 0.105470 0.171210 0.105470 0.171210 0.123050 0.099222 0.123050
0 0.095331 0.171880 0.188720 0.171880 0.188720 0.190430 0.095331 0.190430
0 0.099222 0.133790 0.175100 0.133790 0.175100 0.161130 0.099222 0.161130
0 0.297670 0.167970 0.424120 0.167970 0.424120 0.188480 0.297670 0.188480
0 0.301560 0.101560 0.426070 0.101560 0.426070 0.121090 0.301560 0.121090
0 0.299610 0.129880 0.424120 0.129880 0.424120 0.159180 0.299610 0.159180
0 0.527240 0.100590 0.643970 0.100590 0.643970 0.119140 0.527240 0.119140
0 0.527240 0.167970 0.655640 0.167970 0.655640 0.187500 0.527240 0.187500
0 0.525290 0.130860 0.645910 0.130860 0.645910 0.158200 0.525290 0.158200
0 0.093385 0.665040 0.186770 0.665040 0.186770 0.684570 0.093385 0.684570
0 0.097276 0.729490 0.175100 0.729490 0.175100 0.747070 0.097276 0.747070
0 0.095331 0.694340 0.171210 0.694340 0.171210 0.719730 0.095331 0.719730
0 0.297670 0.732420 0.420230 0.732420 0.420230 0.750980 0.297670 0.750980
0 0.295720 0.667970 0.418290 0.667970 0.418290 0.686520 0.295720 0.686520
0 0.297670 0.696290 0.420230 0.696290 0.420230 0.723630 0.297670 0.723630
0 0.519460 0.666990 0.643970 0.666990 0.643970 0.685550 0.519460 0.685550
0 0.521400 0.733400 0.645910 0.733400 0.645910 0.751950 0.521400 0.751950
0 0.519460 0.696290 0.636190 0.696290 0.636190 0.724610 0.519460 0.724610
0 0.124510 0.829100 0.235410 0.829100 0.235410 0.848630 0.124510 0.848630
0 0.122570 0.800780 0.233460 0.800780 0.233460 0.820310 0.122570 0.820310
0 0.126460 0.912110 0.237350 0.912110 0.237350 0.930660 0.126460 0.930660
0 0.130350 0.939450 0.241250 0.939450 0.241250 0.958980 0.130350 0.958980
0 0.326850 0.943360 0.449420 0.943360 0.449420 0.962890 0.326850 0.962890
0 0.326850 0.916020 0.449420 0.916020 0.449420 0.935550 0.326850 0.935550
0 0.321010 0.831050 0.445530 0.831050 0.445530 0.850590 0.321010 0.850590
0 0.321010 0.802730 0.445530 0.802730 0.445530 0.822270 0.321010 0.822270
0 0.542800 0.867190 0.675100 0.867190 0.675100 0.903320 0.542800 0.903320
0 0.540860 0.801760 0.675100 0.801760 0.675100 0.850590 0.540860 0.850590
0 0.544750 0.915040 0.678990 0.915040 0.678990 0.960940 0.544750 0.960940
1 0.836580 0.403320 0.986380 0.403320 0.986380 0.452150 0.836580 0.452150
0 0.766540 0.404300 0.809340 0.404300 0.809340 0.453120 0.766540 0.453120
0 0.768480 0.253910 0.813230 0.253910 0.813230 0.356450 0.768480 0.356450
0 0.768480 0.091797 0.821010 0.091797 0.821010 0.178710 0.768480 0.178710
0 0.768480 0.496090 0.813230 0.496090 0.813230 0.600590 0.768480 0.600590
0 0.776260 0.011719 0.819070 0.011719 0.819070 0.055664 0.776260 0.055664
1 0.891050 0.798830 0.992220 0.798830 0.992220 0.835940 0.891050 0.835940
