0 0.170900 0.830220 0.287110 0.830220 0.287110 0.908320 0.170900 0.908320
0 0.172850 0.091681 0.289060 0.091681 0.289060 0.169780 0.172850 0.169780
0 0.171880 0.332770 0.284180 0.332770 0.284180 0.414260 0.171880 0.414260
0 0.172850 0.590830 0.285160 0.590830 0.285160 0.668930 0.172850 0.668930
0 0.314450 0.091681 0.438480 0.091681 0.438480 0.169780 0.314450 0.169780
0 0.310550 0.830220 0.434570 0.830220 0.434570 0.908320 0.310550 0.908320
0 0.459960 0.826830 0.596680 0.826830 0.596680 0.908320 0.459960 0.908320
0 0.462890 0.091681 0.604490 0.091681 0.604490 0.171480 0.462890 0.171480
0 0.638670 0.091681 0.740230 0.091681 0.740230 0.169780 0.638670 0.169780
0 0.633790 0.830220 0.735350 0.830220 0.735350 0.908320 0.633790 0.908320
0 0.319340 0.283530 0.403320 0.283530 0.403320 0.375210 0.319340 0.375210
0 0.316410 0.568760 0.405270 0.568760 0.405270 0.655350 0.316410 0.655350
0 0.317380 0.398980 0.403320 0.398980 0.403320 0.544990 0.317380 0.544990
0 0.470700 0.398980 0.575200 0.398980 0.575200 0.541600 0.470700 0.541600
0 0.471680 0.281830 0.575200 0.281830 0.575200 0.368420 0.471680 0.368420
0 0.470700 0.567060 0.573240 0.567060 0.573240 0.653650 0.470700 0.653650
0 0.645510 0.568760 0.759770 0.568760 0.759770 0.655350 0.645510 0.655350
0 0.645510 0.283530 0.759770 0.283530 0.759770 0.371820 0.645510 0.371820
0 0.646480 0.397280 0.760740 0.397280 0.760740 0.539900 0.646480 0.539900
1 0.899410 0.609510 0.988280 0.609510 0.988280 0.677420 0.899410 0.677420
1 0.834960 0.395590 0.981450 0.395590 0.981450 0.561970 0.834960 0.561970
