0 0.300000 0.053711 0.398000 0.053711 0.398000 0.089844 0.300000 0.089844
0 0.300000 0.149410 0.398000 0.149410 0.398000 0.184570 0.300000 0.184570
0 0.298000 0.244140 0.396000 0.244140 0.396000 0.280270 0.298000 0.280270
0 0.302000 0.901370 0.398000 0.901370 0.398000 0.937500 0.302000 0.937500
0 0.300000 0.805660 0.398000 0.805660 0.398000 0.840820 0.300000 0.840820
0 0.298000 0.709960 0.396000 0.709960 0.396000 0.745120 0.298000 0.745120
0 0.300000 0.573240 0.398000 0.573240 0.398000 0.608400 0.300000 0.608400
0 0.302000 0.476560 0.398000 0.476560 0.398000 0.512700 0.302000 0.512700
0 0.298000 0.380860 0.394000 0.380860 0.394000 0.416020 0.298000 0.416020
0 0.536000 0.904300 0.654000 0.904300 0.654000 0.941410 0.536000 0.941410
0 0.536000 0.806640 0.656000 0.806640 0.656000 0.843750 0.536000 0.843750
0 0.536000 0.709960 0.656000 0.709960 0.656000 0.747070 0.536000 0.747070
0 0.540000 0.574220 0.660000 0.574220 0.660000 0.611330 0.540000 0.611330
0 0.538000 0.476560 0.658000 0.476560 0.658000 0.514650 0.538000 0.514650
0 0.540000 0.379880 0.658000 0.379880 0.658000 0.416990 0.540000 0.416990
0 0.538000 0.245120 0.658000 0.245120 0.658000 0.282230 0.538000 0.282230
0 0.536000 0.145510 0.656000 0.145510 0.656000 0.182620 0.536000 0.182620
0 0.536000 0.052734 0.656000 0.052734 0.656000 0.089844 0.536000 0.089844
1 0.744000 0.467770 0.988000 0.467770 0.988000 0.531250 0.744000 0.531250
