0 0.828840 0.425780 0.934350 0.425780 0.934350 0.473630 0.828840 0.473630
0 0.828840 0.314450 0.933180 0.314450 0.933180 0.361330 0.828840 0.361330
0 0.827670 0.203120 0.934350 0.203120 0.934350 0.249020 0.827670 0.249020
0 0.828840 0.100590 0.934350 0.100590 0.934350 0.147460 0.828840 0.147460
0 0.626030 0.423830 0.731540 0.423830 0.731540 0.471680 0.626030 0.471680
0 0.627200 0.315430 0.729190 0.315430 0.729190 0.362300 0.627200 0.362300
0 0.627200 0.202150 0.730360 0.202150 0.730360 0.249020 0.627200 0.249020
0 0.624850 0.100590 0.729190 0.100590 0.729190 0.147460 0.624850 0.147460
0 0.828840 0.751950 0.936690 0.751950 0.936690 0.799800 0.828840 0.799800
0 0.827670 0.638670 0.934350 0.638670 0.934350 0.687500 0.827670 0.687500
0 0.827670 0.529300 0.934350 0.529300 0.934350 0.574220 0.827670 0.574220
0 0.627200 0.855470 0.728020 0.855470 0.728020 0.904300 0.627200 0.904300
0 0.627200 0.750000 0.728020 0.750000 0.728020 0.798830 0.627200 0.798830
0 0.627200 0.639650 0.728020 0.639650 0.728020 0.687500 0.627200 0.687500
0 0.628370 0.528320 0.726850 0.528320 0.726850 0.577150 0.628370 0.577150
0 0.436110 0.857420 0.531070 0.857420 0.531070 0.903320 0.436110 0.903320
0 0.437280 0.752930 0.531070 0.752930 0.531070 0.796880 0.437280 0.796880
0 0.438450 0.642580 0.532240 0.642580 0.532240 0.685550 0.438450 0.685550
0 0.438450 0.533200 0.531070 0.533200 0.531070 0.575200 0.438450 0.575200
0 0.257910 0.857420 0.350530 0.857420 0.350530 0.902340 0.257910 0.902340
0 0.257910 0.753910 0.349360 0.753910 0.349360 0.796880 0.257910 0.796880
0 0.257910 0.642580 0.350530 0.642580 0.350530 0.686520 0.257910 0.686520
0 0.257910 0.533200 0.350530 0.533200 0.350530 0.575200 0.257910 0.575200
0 0.080891 0.860350 0.151230 0.860350 0.151230 0.903320 0.080891 0.903320
0 0.082063 0.753910 0.151230 0.753910 0.151230 0.798830 0.082063 0.798830
0 0.083236 0.642580 0.153580 0.642580 0.153580 0.685550 0.083236 0.685550
0 0.083236 0.532230 0.153580 0.532230 0.153580 0.575200 0.083236 0.575200
0 0.438450 0.426760 0.531070 0.426760 0.531070 0.469730 0.438450 0.469730
0 0.438450 0.317380 0.532240 0.317380 0.532240 0.359380 0.438450 0.359380
0 0.438450 0.204100 0.532240 0.204100 0.532240 0.246090 0.438450 0.246090
0 0.438450 0.101560 0.532240 0.101560 0.532240 0.143550 0.438450 0.143550
0 0.257910 0.426760 0.351700 0.426760 0.351700 0.471680 0.257910 0.471680
0 0.259090 0.316410 0.352870 0.316410 0.352870 0.361330 0.259090 0.361330
0 0.259090 0.203120 0.351700 0.203120 0.351700 0.247070 0.259090 0.247070
0 0.259090 0.101560 0.351700 0.101560 0.351700 0.144530 0.259090 0.144530
0 0.084408 0.426760 0.154750 0.426760 0.154750 0.470700 0.084408 0.470700
0 0.084408 0.316410 0.153580 0.316410 0.153580 0.360350 0.084408 0.360350
0 0.083236 0.203120 0.154750 0.203120 0.154750 0.246090 0.083236 0.246090
0 0.083236 0.101560 0.154750 0.101560 0.154750 0.142580 0.083236 0.142580
