0 0.283200 0.166850 0.383790 0.166850 0.383790 0.236810 0.283200 0.236810
0 0.307620 0.010764 0.408200 0.010764 0.408200 0.079656 0.307620 0.079656
0 0.282230 0.333690 0.382810 0.333690 0.382810 0.402580 0.282230 0.402580
0 0.285160 0.518840 0.385740 0.518840 0.385740 0.587730 0.285160 0.587730
0 0.280270 0.699680 0.380860 0.699680 0.380860 0.768570 0.280270 0.768570
0 0.283200 0.861140 0.383790 0.861140 0.383790 0.931110 0.283200 0.931110
0 0.822270 0.866520 0.922850 0.866520 0.922850 0.935410 0.822270 0.935410
0 0.482420 0.866520 0.622070 0.866520 0.622070 0.936490 0.482420 0.936490
0 0.482420 0.701830 0.595700 0.701830 0.595700 0.771800 0.482420 0.771800
0 0.485350 0.514530 0.594730 0.514530 0.594730 0.583420 0.485350 0.583420
0 0.481450 0.334770 0.593750 0.334770 0.593750 0.403660 0.481450 0.403660
0 0.481450 0.171150 0.593750 0.171150 0.593750 0.241120 0.481450 0.241120
0 0.821290 0.166850 0.921880 0.166850 0.921880 0.235740 0.821290 0.235740
0 0.691410 0.866520 0.760740 0.866520 0.760740 0.936490 0.691410 0.936490
0 0.690430 0.699680 0.758790 0.699680 0.758790 0.769640 0.690430 0.769640
0 0.690430 0.322930 0.758790 0.322930 0.758790 0.393970 0.690430 0.393970
0 0.688480 0.165770 0.757810 0.165770 0.757810 0.235740 0.688480 0.235740
0 0.688480 0.165770 0.757810 0.165770 0.757810 0.235740 0.688480 0.235740
1 0.699220 0.471470 0.959960 0.471470 0.959960 0.601720 0.699220 0.601720
1 0.820310 0.327230 0.960940 0.327230 0.960940 0.377830 0.820310 0.377830
1 0.823240 0.698600 0.958010 0.698600 0.958010 0.766420 0.823240 0.766420
