0 0.162110 0.136360 0.243160 0.136360 0.243160 0.215540 0.162110 0.215540
0 0.162110 0.463340 0.243160 0.463340 0.243160 0.541060 0.162110 0.541060
0 0.162110 0.785920 0.243160 0.785920 0.243160 0.865100 0.162110 0.865100
0 0.291990 0.780060 0.369140 0.780060 0.369140 0.873900 0.291990 0.873900
0 0.291990 0.454550 0.369140 0.454550 0.369140 0.548390 0.291990 0.548390
0 0.294920 0.127570 0.372070 0.127570 0.372070 0.221410 0.294920 0.221410
0 0.424800 0.127570 0.510740 0.127570 0.510740 0.221410 0.424800 0.221410
0 0.425780 0.451610 0.512700 0.451610 0.512700 0.545450 0.425780 0.545450
0 0.423830 0.774190 0.509770 0.774190 0.509770 0.868040 0.423830 0.868040
0 0.559570 0.772730 0.659180 0.772730 0.659180 0.878300 0.559570 0.878300
0 0.557620 0.444280 0.657230 0.444280 0.657230 0.549850 0.557620 0.549850
0 0.557620 0.124630 0.660160 0.124630 0.660160 0.221410 0.557620 0.221410
0 0.707030 0.438420 0.795900 0.438420 0.795900 0.568910 0.707030 0.568910
0 0.707030 0.756600 0.795900 0.756600 0.795900 0.885630 0.707030 0.885630
0 0.707030 0.108500 0.795900 0.108500 0.795900 0.239000 0.707030 0.239000
1 0.890620 0.417890 0.998050 0.417890 0.998050 0.590910 0.890620 0.590910
