0 0.089844 0.207470 0.131840 0.207470 0.131840 0.398340 0.089844 0.398340
0 0.088867 0.448130 0.131840 0.448130 0.131840 0.639000 0.088867 0.639000
0 0.089844 0.672200 0.132810 0.672200 0.132810 0.863070 0.089844 0.863070
0 0.158200 0.684650 0.202150 0.684650 0.202150 0.863070 0.158200 0.863070
0 0.158200 0.443980 0.201170 0.443980 0.201170 0.630710 0.158200 0.630710
0 0.158200 0.203320 0.202150 0.203320 0.202150 0.394190 0.158200 0.394190
0 0.228520 0.190870 0.263670 0.190870 0.263670 0.381740 0.228520 0.381740
0 0.228520 0.435680 0.263670 0.435680 0.263670 0.626560 0.228520 0.626560
0 0.228520 0.672200 0.263670 0.672200 0.263670 0.858920 0.228520 0.858920
0 0.293950 0.655600 0.341800 0.655600 0.341800 0.846470 0.293950 0.846470
0 0.293950 0.410790 0.341800 0.410790 0.341800 0.601660 0.293950 0.601660
0 0.294920 0.165980 0.342770 0.165980 0.342770 0.356850 0.294920 0.356850
0 0.367190 0.647300 0.416020 0.647300 0.416020 0.842320 0.367190 0.842320
0 0.367190 0.406640 0.416020 0.406640 0.416020 0.601660 0.367190 0.601660
0 0.369140 0.157680 0.417970 0.157680 0.417970 0.352700 0.369140 0.352700
0 0.441410 0.647300 0.490230 0.647300 0.490230 0.838170 0.441410 0.838170
0 0.441410 0.398340 0.491210 0.398340 0.491210 0.593360 0.441410 0.593360
0 0.442380 0.153530 0.492190 0.153530 0.492190 0.348550 0.442380 0.348550
0 0.517580 0.643150 0.568360 0.643150 0.568360 0.838170 0.517580 0.838170
0 0.518550 0.398340 0.568360 0.398340 0.568360 0.593360 0.518550 0.593360
0 0.519530 0.149380 0.569340 0.149380 0.569340 0.344400 0.519530 0.344400
0 0.593750 0.647300 0.646480 0.647300 0.646480 0.842320 0.593750 0.842320
0 0.595700 0.398340 0.648440 0.398340 0.648440 0.593360 0.595700 0.593360
0 0.595700 0.149380 0.648440 0.149380 0.648440 0.344400 0.595700 0.344400
0 0.671880 0.643150 0.719730 0.643150 0.719730 0.842320 0.671880 0.842320
0 0.672850 0.398340 0.720700 0.398340 0.720700 0.597510 0.672850 0.597510
0 0.673830 0.145230 0.721680 0.145230 0.721680 0.344400 0.673830 0.344400
0 0.749020 0.643150 0.797850 0.643150 0.797850 0.842320 0.749020 0.842320
0 0.750000 0.394190 0.797850 0.394190 0.797850 0.597510 0.750000 0.597510
0 0.750000 0.145230 0.798830 0.145230 0.798830 0.348550 0.750000 0.348550
0 0.833980 0.473030 0.880860 0.473030 0.880860 0.622410 0.833980 0.622410
0 0.834960 0.721990 0.881840 0.721990 0.881840 0.850620 0.834960 0.850620
0 0.834960 0.244810 0.881840 0.244810 0.881840 0.373440 0.834960 0.373440
