0 0.253910 0.101410 0.344730 0.101410 0.344730 0.163650 0.253910 0.163650
0 0.253910 0.256020 0.344730 0.256020 0.344730 0.317270 0.253910 0.317270
0 0.252930 0.464860 0.344730 0.464860 0.344730 0.527110 0.252930 0.527110
0 0.254880 0.682730 0.345700 0.682730 0.345700 0.744980 0.254880 0.744980
0 0.252930 0.839360 0.343750 0.839360 0.343750 0.901610 0.252930 0.901610
0 0.109380 0.835340 0.201170 0.835340 0.201170 0.897590 0.109380 0.897590
0 0.109380 0.681730 0.200200 0.681730 0.200200 0.742970 0.109380 0.742970
0 0.109380 0.467870 0.200200 0.467870 0.200200 0.530120 0.109380 0.530120
0 0.111330 0.258030 0.202150 0.258030 0.202150 0.319280 0.111330 0.319280
0 0.113280 0.105420 0.204100 0.105420 0.204100 0.166670 0.113280 0.166670
0 0.396480 0.256020 0.496090 0.256020 0.496090 0.319280 0.396480 0.319280
0 0.397460 0.105420 0.497070 0.105420 0.497070 0.167670 0.397460 0.167670
0 0.395510 0.468880 0.495120 0.468880 0.495120 0.532130 0.395510 0.532130
0 0.396480 0.681730 0.496090 0.681730 0.496090 0.743980 0.396480 0.743980
0 0.397460 0.840360 0.497070 0.840360 0.497070 0.903610 0.397460 0.903610
0 0.553710 0.100400 0.661130 0.100400 0.661130 0.168670 0.553710 0.168670
0 0.554690 0.253010 0.662110 0.253010 0.662110 0.321290 0.554690 0.321290
0 0.558590 0.464860 0.656250 0.464860 0.656250 0.537150 0.558590 0.537150
0 0.554690 0.681730 0.662110 0.681730 0.662110 0.753010 0.554690 0.753010
0 0.553710 0.836350 0.662110 0.836350 0.662110 0.906630 0.553710 0.906630
0 0.705080 0.844380 0.812500 0.844380 0.812500 0.903610 0.705080 0.903610
0 0.706050 0.683730 0.814450 0.683730 0.814450 0.742970 0.706050 0.742970
0 0.705080 0.259040 0.813480 0.259040 0.813480 0.317270 0.705080 0.317270
0 0.705080 0.105420 0.812500 0.105420 0.812500 0.164660 0.705080 0.164660
1 0.757810 0.424700 0.995120 0.424700 0.995120 0.579320 0.757810 0.579320
