0 0.788090 0.429690 0.850590 0.429690 0.850590 0.460940 0.788090 0.460940
0 0.661130 0.190100 0.758790 0.190100 0.758790 0.260420 0.661130 0.260420
0 0.786130 0.190100 0.849610 0.190100 0.849610 0.233070 0.786130 0.233070
0 0.786130 0.287760 0.849610 0.287760 0.849610 0.329430 0.786130 0.329430
0 0.787110 0.381510 0.850590 0.381510 0.850590 0.412760 0.787110 0.412760
1 0.881840 0.281250 0.965820 0.281250 0.965820 0.337240 0.881840 0.337240
0 0.787110 0.587240 0.850590 0.587240 0.850590 0.618490 0.787110 0.618490
0 0.313480 0.192710 0.373050 0.192710 0.373050 0.260420 0.313480 0.260420
0 0.425780 0.191410 0.490230 0.191410 0.490230 0.260420 0.425780 0.260420
0 0.313480 0.351560 0.373050 0.351560 0.373050 0.373700 0.313480 0.373700
0 0.313480 0.386720 0.374020 0.386720 0.374020 0.425780 0.313480 0.425780
0 0.313480 0.438800 0.373050 0.438800 0.373050 0.460940 0.313480 0.460940
0 0.427730 0.351560 0.491210 0.351560 0.491210 0.373700 0.427730 0.373700
0 0.427730 0.388020 0.491210 0.388020 0.491210 0.424480 0.427730 0.424480
0 0.427730 0.438800 0.491210 0.438800 0.491210 0.460940 0.427730 0.460940
0 0.315430 0.552080 0.374020 0.552080 0.374020 0.621090 0.315430 0.621090
0 0.426760 0.552080 0.491210 0.552080 0.491210 0.622400 0.426760 0.622400
0 0.542970 0.552080 0.635740 0.552080 0.635740 0.621090 0.542970 0.621090
0 0.663090 0.552080 0.754880 0.552080 0.754880 0.621090 0.663090 0.621090
0 0.788090 0.537760 0.850590 0.537760 0.850590 0.570310 0.788090 0.570310
0 0.541020 0.191410 0.635740 0.191410 0.635740 0.260420 0.541020 0.260420
0 0.525390 0.404950 0.598630 0.404950 0.598630 0.445310 0.525390 0.445310
0 0.651370 0.403650 0.724610 0.403650 0.724610 0.445310 0.651370 0.445310
0 0.528320 0.458330 0.605470 0.458330 0.605470 0.473960 0.528320 0.473960
0 0.528320 0.356770 0.606450 0.356770 0.606450 0.385420 0.528320 0.385420
0 0.654300 0.356770 0.728520 0.356770 0.728520 0.386720 0.654300 0.386720
0 0.653320 0.458330 0.729490 0.458330 0.729490 0.473960 0.653320 0.473960
0 0.469730 0.779950 0.529300 0.779950 0.529300 0.824220 0.469730 0.824220
0 0.586910 0.776040 0.640620 0.776040 0.640620 0.829430 0.586910 0.829430
0 0.348630 0.782550 0.407230 0.782550 0.407230 0.826820 0.348630 0.826820
0 0.707030 0.776040 0.763670 0.776040 0.763670 0.825520 0.707030 0.825520
0 0.455080 0.009115 0.515620 0.009115 0.515620 0.076823 0.455080 0.076823
0 0.346680 0.048177 0.405270 0.048177 0.405270 0.079427 0.346680 0.079427
0 0.345700 0.005208 0.404300 0.005208 0.404300 0.036458 0.345700 0.036458
0 0.567380 0.009115 0.627930 0.009115 0.627930 0.076823 0.567380 0.076823
