0 0.142660 0.151370 0.210530 0.151370 0.210530 0.180660 0.142660 0.180660
0 0.141270 0.185550 0.209140 0.185550 0.209140 0.214840 0.141270 0.214840
0 0.139890 0.220700 0.209140 0.220700 0.209140 0.250000 0.139890 0.250000
0 0.139890 0.255860 0.207760 0.255860 0.207760 0.286130 0.139890 0.286130
0 0.138500 0.291990 0.206370 0.291990 0.206370 0.322270 0.138500 0.322270
0 0.137120 0.327150 0.206370 0.327150 0.206370 0.357420 0.137120 0.357420
0 0.137120 0.364260 0.206370 0.364260 0.206370 0.394530 0.137120 0.394530
0 0.132960 0.447270 0.202220 0.447270 0.202220 0.477540 0.132960 0.477540
0 0.132960 0.483400 0.202220 0.483400 0.202220 0.513670 0.132960 0.513670
0 0.130190 0.520510 0.199450 0.520510 0.199450 0.549800 0.130190 0.549800
0 0.134350 0.605470 0.203600 0.605470 0.203600 0.635740 0.134350 0.635740
0 0.134350 0.641600 0.203600 0.641600 0.203600 0.671880 0.134350 0.671880
0 0.135730 0.677730 0.204990 0.677730 0.204990 0.708010 0.135730 0.708010
0 0.135730 0.714840 0.204990 0.714840 0.204990 0.745120 0.135730 0.745120
0 0.137120 0.750000 0.206370 0.750000 0.206370 0.780270 0.137120 0.780270
0 0.135730 0.787110 0.204990 0.787110 0.204990 0.817380 0.135730 0.817380
0 0.137120 0.823240 0.206370 0.823240 0.206370 0.853520 0.137120 0.853520
0 0.274240 0.772460 0.351800 0.772460 0.351800 0.798830 0.274240 0.798830
0 0.274240 0.740230 0.351800 0.740230 0.351800 0.766600 0.274240 0.766600
0 0.272850 0.659180 0.350420 0.659180 0.350420 0.686520 0.272850 0.686520
0 0.274240 0.625980 0.350420 0.625980 0.350420 0.652340 0.274240 0.652340
0 0.272850 0.481450 0.350420 0.481450 0.350420 0.515620 0.272850 0.515620
0 0.272850 0.344730 0.350420 0.344730 0.350420 0.372070 0.272850 0.372070
0 0.274240 0.312500 0.351800 0.312500 0.351800 0.339840 0.274240 0.339840
0 0.272850 0.234380 0.350420 0.234380 0.350420 0.260740 0.272850 0.260740
0 0.274240 0.200200 0.351800 0.200200 0.351800 0.227540 0.274240 0.227540
0 0.270080 0.086914 0.347650 0.086914 0.347650 0.114260 0.270080 0.114260
0 0.403050 0.088867 0.498610 0.088867 0.498610 0.112300 0.403050 0.112300
0 0.408590 0.200200 0.501390 0.200200 0.501390 0.227540 0.408590 0.227540
0 0.408590 0.229490 0.500000 0.229490 0.500000 0.256840 0.408590 0.256840
0 0.408590 0.312500 0.501390 0.312500 0.501390 0.339840 0.408590 0.339840
0 0.407200 0.343750 0.500000 0.343750 0.500000 0.371090 0.407200 0.371090
0 0.409970 0.625980 0.501390 0.625980 0.501390 0.653320 0.409970 0.653320
0 0.409970 0.659180 0.502770 0.659180 0.502770 0.686520 0.409970 0.686520
0 0.409970 0.741210 0.502770 0.741210 0.502770 0.768550 0.409970 0.768550
0 0.409970 0.774410 0.502770 0.774410 0.502770 0.801760 0.409970 0.801760
0 0.405820 0.904300 0.502770 0.904300 0.502770 0.931640 0.405820 0.931640
0 0.404430 0.479490 0.504160 0.479490 0.504160 0.516600 0.404430 0.516600
0 0.559560 0.083008 0.656510 0.083008 0.656510 0.114260 0.559560 0.114260
0 0.556790 0.208010 0.662050 0.208010 0.662050 0.251950 0.556790 0.251950
0 0.556790 0.320310 0.663430 0.320310 0.663430 0.364260 0.556790 0.364260
0 0.559560 0.476560 0.659280 0.476560 0.659280 0.520510 0.559560 0.520510
0 0.559560 0.634770 0.664820 0.634770 0.664820 0.678710 0.559560 0.678710
0 0.559560 0.750000 0.666200 0.750000 0.666200 0.793950 0.559560 0.793950
0 0.565100 0.906250 0.662050 0.906250 0.662050 0.933590 0.565100 0.933590
0 0.131580 0.067383 0.203600 0.067383 0.203600 0.094727 0.131580 0.094727
0 0.135730 0.099609 0.209140 0.099609 0.209140 0.126950 0.135730 0.126950
0 0.132960 0.917970 0.204990 0.917970 0.204990 0.945310 0.132960 0.945310
0 0.135730 0.883790 0.207760 0.883790 0.207760 0.911130 0.135730 0.911130
0 0.274240 0.906250 0.350420 0.906250 0.350420 0.929690 0.274240 0.929690
0 0.275620 0.453120 0.351800 0.453120 0.351800 0.473630 0.275620 0.473630
0 0.274240 0.522460 0.350420 0.522460 0.350420 0.542970 0.274240 0.542970
0 0.441830 0.453120 0.505540 0.453120 0.505540 0.470700 0.441830 0.470700
0 0.441830 0.526370 0.505540 0.526370 0.505540 0.543950 0.441830 0.543950
0 0.788090 0.908200 0.878120 0.908200 0.878120 0.930660 0.788090 0.930660
