0 0.120120 0.338050 0.209960 0.338050 0.209960 0.404090 0.120120 0.404090
0 0.120120 0.122640 0.209960 0.122640 0.209960 0.190250 0.120120 0.190250
0 0.120120 0.595910 0.208980 0.595910 0.208980 0.661950 0.120120 0.661950
0 0.119140 0.811320 0.208980 0.811320 0.208980 0.877360 0.119140 0.877360
0 0.239260 0.594340 0.350590 0.594340 0.350590 0.660380 0.239260 0.660380
0 0.241210 0.336480 0.352540 0.336480 0.352540 0.404090 0.241210 0.404090
0 0.240230 0.114780 0.351560 0.114780 0.351560 0.188680 0.240230 0.188680
0 0.244140 0.820750 0.354490 0.820750 0.354490 0.888360 0.244140 0.888360
0 0.380860 0.592770 0.493160 0.592770 0.493160 0.663520 0.380860 0.663520
0 0.375980 0.803460 0.489260 0.803460 0.489260 0.885220 0.375980 0.885220
0 0.385740 0.110060 0.491210 0.110060 0.491210 0.202830 0.385740 0.202830
0 0.380860 0.333330 0.493160 0.333330 0.493160 0.416670 0.380860 0.416670
0 0.531250 0.116350 0.654300 0.116350 0.654300 0.193400 0.531250 0.193400
0 0.527340 0.809750 0.650390 0.809750 0.650390 0.886790 0.527340 0.886790
0 0.542970 0.586480 0.651370 0.586480 0.651370 0.679250 0.542970 0.679250
0 0.549800 0.325470 0.658200 0.325470 0.658200 0.419810 0.549800 0.419810
0 0.686520 0.124210 0.785160 0.124210 0.785160 0.191820 0.686520 0.191820
0 0.683590 0.801890 0.784180 0.801890 0.784180 0.883650 0.683590 0.883650
0 0.695310 0.331760 0.789060 0.331760 0.789060 0.415090 0.695310 0.415090
1 0.857420 0.430820 0.989260 0.430820 0.989260 0.569180 0.857420 0.569180
0 0.076172 0.817610 0.087891 0.817610 0.087891 0.834910 0.076172 0.834910
0 0.076172 0.856920 0.086914 0.856920 0.086914 0.872640 0.076172 0.872640
0 0.077148 0.128930 0.087891 0.128930 0.087891 0.146230 0.077148 0.146230
0 0.076172 0.166670 0.087891 0.166670 0.087891 0.182390 0.076172 0.182390
0 0.068359 0.477990 0.094727 0.477990 0.094727 0.520440 0.068359 0.520440
