0 0.724140 0.872070 0.821840 0.872070 0.821840 0.932620 0.724140 0.932620
0 0.528740 0.114260 0.624140 0.114260 0.624140 0.152340 0.528740 0.152340
0 0.528740 0.057617 0.622990 0.057617 0.622990 0.094727 0.528740 0.094727
0 0.722990 0.137700 0.817240 0.137700 0.817240 0.157230 0.722990 0.157230
0 0.722990 0.090820 0.843680 0.090820 0.843680 0.132810 0.722990 0.132810
0 0.724140 0.066406 0.817240 0.066406 0.817240 0.084961 0.724140 0.084961
0 0.724140 0.557620 0.818390 0.557620 0.818390 0.576170 0.724140 0.576170
0 0.724140 0.511720 0.818390 0.511720 0.818390 0.548830 0.724140 0.548830
0 0.724140 0.484380 0.818390 0.484380 0.818390 0.502930 0.724140 0.502930
0 0.724140 0.397460 0.819540 0.397460 0.819540 0.432620 0.724140 0.432620
0 0.722990 0.327150 0.817240 0.327150 0.817240 0.345700 0.722990 0.345700
0 0.722990 0.281250 0.817240 0.281250 0.817240 0.320310 0.722990 0.320310
0 0.722990 0.254880 0.818390 0.254880 0.818390 0.273440 0.722990 0.273440
0 0.547130 0.537110 0.635630 0.537110 0.635630 0.573240 0.547130 0.573240
0 0.547130 0.489260 0.635630 0.489260 0.635630 0.524410 0.547130 0.524410
0 0.547130 0.397460 0.635630 0.397460 0.635630 0.432620 0.547130 0.432620
0 0.547130 0.307620 0.635630 0.307620 0.635630 0.343750 0.547130 0.343750
0 0.547130 0.257810 0.635630 0.257810 0.635630 0.293950 0.547130 0.293950
0 0.724140 0.702150 0.819540 0.702150 0.819540 0.741210 0.724140 0.741210
0 0.724140 0.747070 0.818390 0.747070 0.818390 0.766600 0.724140 0.766600
0 0.724140 0.676760 0.818390 0.676760 0.818390 0.694340 0.724140 0.694340
0 0.532180 0.752930 0.625290 0.752930 0.625290 0.791020 0.532180 0.791020
0 0.532180 0.697270 0.625290 0.697270 0.625290 0.733400 0.532180 0.733400
0 0.549430 0.872070 0.641380 0.872070 0.641380 0.934570 0.549430 0.934570
0 0.372410 0.871090 0.460920 0.871090 0.460920 0.932620 0.372410 0.932620
0 0.202300 0.871090 0.287360 0.871090 0.287360 0.933590 0.202300 0.933590
0 0.349430 0.770510 0.439080 0.770510 0.439080 0.789060 0.349430 0.789060
0 0.348280 0.723630 0.437930 0.723630 0.437930 0.763670 0.348280 0.763670
0 0.348280 0.697270 0.439080 0.697270 0.439080 0.715820 0.348280 0.715820
0 0.196550 0.746090 0.285060 0.746090 0.285060 0.765620 0.196550 0.765620
0 0.197700 0.701170 0.305750 0.701170 0.305750 0.738280 0.197700 0.738280
0 0.197700 0.674800 0.285060 0.674800 0.285060 0.693360 0.197700 0.693360
0 0.373560 0.536130 0.458620 0.536130 0.458620 0.571290 0.373560 0.571290
0 0.372410 0.487300 0.458620 0.487300 0.458620 0.523440 0.372410 0.523440
0 0.198850 0.550780 0.282760 0.550780 0.282760 0.565430 0.198850 0.565430
0 0.200000 0.514650 0.282760 0.514650 0.282760 0.543950 0.200000 0.543950
0 0.200000 0.494140 0.283910 0.494140 0.283910 0.507810 0.200000 0.507810
0 0.373560 0.397460 0.458620 0.397460 0.458620 0.432620 0.373560 0.432620
0 0.200000 0.397460 0.282760 0.397460 0.282760 0.432620 0.200000 0.432620
0 0.373560 0.306640 0.458620 0.306640 0.458620 0.341800 0.373560 0.341800
0 0.373560 0.258790 0.459770 0.258790 0.459770 0.292970 0.373560 0.292970
0 0.198850 0.321290 0.281610 0.321290 0.281610 0.335940 0.198850 0.335940
0 0.198850 0.286130 0.282760 0.286130 0.282760 0.315430 0.198850 0.315430
0 0.200000 0.264650 0.282760 0.264650 0.282760 0.279300 0.200000 0.279300
0 0.349430 0.131840 0.437930 0.131840 0.437930 0.151370 0.349430 0.151370
0 0.348280 0.083984 0.437930 0.083984 0.437930 0.124020 0.348280 0.124020
0 0.349430 0.056641 0.437930 0.056641 0.437930 0.078125 0.349430 0.078125
0 0.197700 0.136720 0.283910 0.136720 0.283910 0.156250 0.197700 0.156250
0 0.197700 0.091797 0.301150 0.091797 0.301150 0.130860 0.197700 0.130860
0 0.197700 0.065430 0.283910 0.065430 0.283910 0.084961 0.197700 0.084961
0 0.912640 0.704100 0.996550 0.704100 0.996550 0.741210 0.912640 0.741210
0 0.910340 0.393550 0.994250 0.393550 0.994250 0.440430 0.910340 0.440430
0 0.910340 0.264650 0.994250 0.264650 0.994250 0.336910 0.910340 0.336910
0 0.911490 0.747070 0.996550 0.747070 0.996550 0.764650 0.911490 0.764650
0 0.911490 0.677730 0.996550 0.677730 0.996550 0.695310 0.911490 0.695310
0 0.004598 0.685550 0.086207 0.685550 0.086207 0.750980 0.004598 0.750980
0 0.006897 0.077148 0.088506 0.077148 0.088506 0.142580 0.006897 0.142580
1 0.909200 0.867190 0.998850 0.867190 0.998850 0.920900 0.909200 0.920900
