0 0.138670 0.126320 0.237300 0.126320 0.237300 0.209360 0.138670 0.209360
0 0.141600 0.367250 0.240230 0.367250 0.240230 0.450290 0.141600 0.450290
0 0.141600 0.601170 0.240230 0.601170 0.240230 0.684210 0.141600 0.684210
0 0.140620 0.844440 0.238280 0.844440 0.238280 0.927490 0.140620 0.927490
0 0.292970 0.847950 0.396480 0.847950 0.396480 0.930990 0.292970 0.930990
0 0.291990 0.607020 0.394530 0.607020 0.394530 0.690060 0.291990 0.690060
0 0.291990 0.364910 0.394530 0.364910 0.394530 0.449120 0.291990 0.449120
0 0.291990 0.126320 0.394530 0.126320 0.394530 0.209360 0.291990 0.209360
0 0.449220 0.125150 0.567380 0.125150 0.567380 0.211700 0.449220 0.211700
0 0.450200 0.363740 0.568360 0.363740 0.568360 0.450290 0.450200 0.450290
0 0.450200 0.603510 0.568360 0.603510 0.568360 0.690060 0.450200 0.690060
0 0.449220 0.842110 0.567380 0.842110 0.567380 0.928650 0.449220 0.928650
0 0.625000 0.601170 0.742190 0.601170 0.742190 0.687720 0.625000 0.687720
0 0.628910 0.363740 0.747070 0.363740 0.747070 0.450290 0.628910 0.450290
0 0.623050 0.119300 0.751950 0.119300 0.751950 0.212870 0.623050 0.212870
0 0.623050 0.839770 0.751950 0.839770 0.751950 0.934500 0.623050 0.934500
0 0.800780 0.128650 0.873050 0.128650 0.873050 0.209360 0.800780 0.209360
0 0.799800 0.368420 0.872070 0.368420 0.872070 0.449120 0.799800 0.449120
0 0.799800 0.610530 0.872070 0.610530 0.872070 0.692400 0.799800 0.692400
0 0.797850 0.847950 0.869140 0.847950 0.869140 0.929820 0.797850 0.929820
0 0.072266 0.148540 0.083008 0.148540 0.083008 0.188300 0.072266 0.188300
0 0.072266 0.389470 0.083008 0.389470 0.083008 0.429240 0.072266 0.429240
0 0.073242 0.866670 0.083984 0.866670 0.083984 0.906430 0.073242 0.906430
0 0.073242 0.625730 0.083984 0.625730 0.083984 0.664330 0.073242 0.664330
