1 0.885740 0.369790 0.981450 0.369790 0.981450 0.441410 0.885740 0.441410
0 0.633790 0.432290 0.711910 0.432290 0.711910 0.520830 0.633790 0.520830
0 0.487300 0.432290 0.563480 0.432290 0.563480 0.522140 0.487300 0.522140
0 0.488280 0.220050 0.564450 0.220050 0.564450 0.309900 0.488280 0.309900
0 0.634770 0.218750 0.713870 0.218750 0.713870 0.308590 0.634770 0.308590
0 0.780270 0.218750 0.860350 0.218750 0.860350 0.303390 0.780270 0.303390
0 0.779300 0.377600 0.860350 0.377600 0.860350 0.440100 0.779300 0.440100
0 0.779300 0.514320 0.860350 0.514320 0.860350 0.574220 0.779300 0.574220
0 0.778320 0.648440 0.860350 0.648440 0.860350 0.735680 0.778320 0.735680
0 0.631840 0.647140 0.711910 0.647140 0.711910 0.735680 0.631840 0.735680
0 0.485350 0.647140 0.561520 0.647140 0.561520 0.738280 0.485350 0.738280
0 0.341800 0.648440 0.417970 0.648440 0.417970 0.738280 0.341800 0.738280
0 0.195310 0.703120 0.270510 0.703120 0.270510 0.740890 0.195310 0.740890
0 0.195310 0.649740 0.271480 0.649740 0.271480 0.686200 0.195310 0.686200
0 0.342770 0.432290 0.418950 0.432290 0.418950 0.522140 0.342770 0.522140
0 0.197270 0.484380 0.273440 0.484380 0.273440 0.522140 0.197270 0.522140
0 0.197270 0.432290 0.273440 0.432290 0.273440 0.467450 0.197270 0.467450
0 0.343750 0.220050 0.418950 0.220050 0.418950 0.309900 0.343750 0.309900
0 0.198240 0.274740 0.274410 0.274740 0.274410 0.309900 0.198240 0.309900
0 0.198240 0.221350 0.274410 0.221350 0.274410 0.256510 0.198240 0.256510
0 0.211910 0.002604 0.290040 0.002604 0.290040 0.057292 0.211910 0.057292
0 0.151370 0.895830 0.227540 0.895830 0.227540 0.985680 0.151370 0.985680
1 0.903320 0.506510 0.986330 0.506510 0.986330 0.580730 0.903320 0.580730
1 0.905270 0.216150 0.986330 0.216150 0.986330 0.307290 0.905270 0.307290
1 0.903320 0.644530 0.985350 0.644530 0.985350 0.740890 0.903320 0.740890
0 0.294920 0.893230 0.381840 0.893230 0.381840 0.981770 0.294920 0.981770
