0 0.808590 0.497400 0.845700 0.497400 0.845700 0.514320 0.808590 0.514320
0 0.806640 0.464840 0.845700 0.464840 0.845700 0.488280 0.806640 0.488280
0 0.808590 0.441410 0.845700 0.441410 0.845700 0.457030 0.808590 0.457030
0 0.245120 0.040365 0.311520 0.040365 0.311520 0.083333 0.245120 0.083333
0 0.225590 0.225260 0.295900 0.225260 0.295900 0.266930 0.225590 0.266930
0 0.226560 0.282550 0.295900 0.282550 0.295900 0.324220 0.226560 0.324220
0 0.224610 0.430990 0.293950 0.430990 0.293950 0.471350 0.224610 0.471350
0 0.224610 0.488280 0.293950 0.488280 0.293950 0.529950 0.224610 0.529950
0 0.223630 0.635420 0.293950 0.635420 0.293950 0.677080 0.223630 0.677080
0 0.223630 0.696610 0.292970 0.696610 0.292970 0.736980 0.223630 0.736980
0 0.363280 0.694010 0.429690 0.694010 0.429690 0.735680 0.363280 0.735680
0 0.362300 0.638020 0.427730 0.638020 0.427730 0.679690 0.362300 0.679690
0 0.367190 0.282550 0.432620 0.282550 0.432620 0.324220 0.367190 0.324220
0 0.366210 0.226560 0.432620 0.226560 0.432620 0.268230 0.366210 0.268230
0 0.366210 0.430990 0.432620 0.430990 0.432620 0.472660 0.366210 0.472660
0 0.365230 0.485680 0.431640 0.485680 0.431640 0.527340 0.365230 0.527340
0 0.205080 0.869790 0.270510 0.869790 0.270510 0.928390 0.205080 0.928390
0 0.333980 0.871090 0.406250 0.871090 0.406250 0.929690 0.333980 0.929690
0 0.504880 0.695310 0.576170 0.695310 0.576170 0.739580 0.504880 0.739580
0 0.477540 0.872400 0.548830 0.872400 0.548830 0.930990 0.477540 0.930990
0 0.504880 0.635420 0.576170 0.635420 0.576170 0.680990 0.504880 0.680990
0 0.503910 0.484380 0.574220 0.484380 0.574220 0.529950 0.503910 0.529950
0 0.505860 0.429690 0.577150 0.429690 0.577150 0.473960 0.505860 0.473960
0 0.505860 0.222660 0.576170 0.222660 0.576170 0.266930 0.505860 0.266930
0 0.505860 0.279950 0.576170 0.279950 0.576170 0.324220 0.505860 0.324220
0 0.381840 0.040365 0.449220 0.040365 0.449220 0.082031 0.381840 0.082031
0 0.794920 0.283850 0.866210 0.283850 0.866210 0.325520 0.794920 0.325520
0 0.792970 0.226560 0.864260 0.226560 0.864260 0.268230 0.792970 0.268230
0 0.790040 0.697920 0.861330 0.697920 0.861330 0.739580 0.790040 0.739580
0 0.790040 0.640620 0.861330 0.640620 0.861330 0.682290 0.790040 0.682290
0 0.652340 0.231770 0.725590 0.231770 0.725590 0.322920 0.652340 0.322920
0 0.650390 0.436200 0.723630 0.436200 0.723630 0.527340 0.650390 0.527340
0 0.650390 0.638020 0.724610 0.638020 0.724610 0.727860 0.650390 0.727860
1 0.870120 0.441410 0.976560 0.441410 0.976560 0.511720 0.870120 0.511720
1 0.899410 0.226560 0.997070 0.226560 0.997070 0.320310 0.899410 0.320310
1 0.899410 0.645830 0.997070 0.645830 0.997070 0.739580 0.899410 0.739580
