0 0.089844 0.284470 0.153320 0.284470 0.153320 0.367200 0.089844 0.367200
0 0.089844 0.545720 0.153320 0.545720 0.153320 0.628450 0.089844 0.628450
0 0.253910 0.149490 0.336910 0.149490 0.336910 0.246730 0.253910 0.246730
0 0.249020 0.407840 0.332030 0.407840 0.332030 0.506530 0.249020 0.506530
0 0.252930 0.735850 0.335940 0.735850 0.335940 0.834540 0.252930 0.834540
0 0.432620 0.740200 0.525390 0.740200 0.525390 0.838900 0.432620 0.838900
0 0.430660 0.403480 0.523440 0.403480 0.523440 0.502180 0.430660 0.502180
0 0.431640 0.152390 0.524410 0.152390 0.524410 0.251090 0.431640 0.251090
0 0.628910 0.155300 0.720700 0.155300 0.720700 0.253990 0.628910 0.253990
0 0.627930 0.403480 0.720700 0.403480 0.720700 0.502180 0.627930 0.502180
0 0.628910 0.743110 0.720700 0.743110 0.720700 0.840350 0.628910 0.840350
1 0.825200 0.667630 0.970700 0.667630 0.970700 0.830190 0.825200 0.830190
1 0.824220 0.280120 0.971680 0.280120 0.971680 0.386070 0.824220 0.386070
