0 0.112820 0.071289 0.232050 0.071289 0.232050 0.128910 0.112820 0.128910
0 0.105130 0.264650 0.224360 0.264650 0.224360 0.322270 0.105130 0.322270
0 0.101280 0.451170 0.220510 0.451170 0.220510 0.508790 0.101280 0.508790
0 0.102560 0.648440 0.221790 0.648440 0.221790 0.706050 0.102560 0.706050
0 0.110260 0.836910 0.229490 0.836910 0.229490 0.894530 0.110260 0.894530
0 0.350000 0.837890 0.487180 0.837890 0.487180 0.895510 0.350000 0.895510
0 0.346150 0.647460 0.483330 0.647460 0.483330 0.705080 0.346150 0.705080
0 0.346150 0.452150 0.482050 0.452150 0.482050 0.509770 0.346150 0.509770
0 0.352560 0.067383 0.488460 0.067383 0.488460 0.125000 0.352560 0.125000
0 0.347440 0.263670 0.483330 0.263670 0.483330 0.321290 0.347440 0.321290
0 0.611540 0.072266 0.743590 0.072266 0.743590 0.127930 0.611540 0.127930
0 0.607690 0.260740 0.748720 0.260740 0.748720 0.324220 0.607690 0.324220
0 0.612820 0.451170 0.751280 0.451170 0.751280 0.514650 0.612820 0.514650
0 0.610260 0.643550 0.748720 0.643550 0.748720 0.707030 0.610260 0.707030
0 0.610260 0.835940 0.748720 0.835940 0.748720 0.891600 0.610260 0.891600
0 0.834620 0.447270 0.988460 0.447270 0.988460 0.509770 0.834620 0.509770
0 0.834620 0.640620 0.988460 0.640620 0.988460 0.703120 0.834620 0.703120
0 0.848720 0.273440 0.983330 0.273440 0.983330 0.321290 0.848720 0.321290
0 0.857690 0.222660 0.923080 0.222660 0.923080 0.250980 0.857690 0.250980
1 0.837180 0.830080 0.987180 0.830080 0.987180 0.886720 0.837180 0.886720
1 0.780770 0.049805 0.980770 0.049805 0.980770 0.150390 0.780770 0.150390
