0 0.114260 0.840500 0.229490 0.840500 0.229490 0.901530 0.114260 0.901530
0 0.129880 0.656030 0.245120 0.656030 0.245120 0.717060 0.129880 0.717060
0 0.133790 0.547850 0.246090 0.547850 0.246090 0.606100 0.133790 0.606100
0 0.135740 0.442440 0.249020 0.442440 0.249020 0.500690 0.135740 0.500690
0 0.139650 0.331480 0.252930 0.331480 0.252930 0.389740 0.139650 0.389740
0 0.139650 0.227460 0.252930 0.227460 0.252930 0.284330 0.139650 0.284330
0 0.129880 0.015257 0.245120 0.015257 0.245120 0.072122 0.129880 0.072122
0 0.330080 0.841890 0.454100 0.841890 0.454100 0.901530 0.330080 0.901530
0 0.339840 0.654650 0.464840 0.654650 0.464840 0.714290 0.339840 0.714290
0 0.342770 0.546460 0.464840 0.546460 0.464840 0.606100 0.342770 0.606100
0 0.343750 0.439670 0.465820 0.439670 0.465820 0.499310 0.343750 0.499310
0 0.345700 0.328710 0.467770 0.328710 0.467770 0.388350 0.345700 0.388350
0 0.346680 0.223300 0.468750 0.223300 0.468750 0.281550 0.346680 0.281550
0 0.339840 0.016644 0.458010 0.016644 0.458010 0.065187 0.339840 0.065187
0 0.553710 0.840500 0.687500 0.840500 0.687500 0.897360 0.553710 0.897360
0 0.562500 0.656030 0.689450 0.656030 0.689450 0.714290 0.562500 0.714290
0 0.561520 0.546460 0.689450 0.546460 0.689450 0.604720 0.561520 0.604720
0 0.562500 0.436890 0.689450 0.436890 0.689450 0.493760 0.562500 0.493760
0 0.560550 0.330100 0.688480 0.330100 0.688480 0.388350 0.560550 0.388350
0 0.561520 0.227460 0.689450 0.227460 0.689450 0.284330 0.561520 0.284330
0 0.553710 0.018031 0.681640 0.018031 0.681640 0.074896 0.553710 0.074896
0 0.776370 0.006935 0.975590 0.006935 0.975590 0.106800 0.776370 0.106800
0 0.780270 0.263520 0.980470 0.263520 0.980470 0.363380 0.780270 0.363380
0 0.785160 0.808600 0.994140 0.808600 0.994140 0.918170 0.785160 0.918170
1 0.780270 0.409150 0.975590 0.409150 0.975590 0.525660 0.780270 0.525660
