0 0.039062 0.038845 0.159180 0.038845 0.159180 0.099602 0.039062 0.099602
0 0.035156 0.298800 0.155270 0.298800 0.155270 0.359560 0.035156 0.359560
0 0.036133 0.169320 0.156250 0.169320 0.156250 0.230080 0.036133 0.230080
0 0.035156 0.450200 0.155270 0.450200 0.155270 0.510960 0.035156 0.510960
0 0.036133 0.600600 0.156250 0.600600 0.156250 0.661350 0.036133 0.661350
0 0.039062 0.734060 0.159180 0.734060 0.159180 0.793820 0.039062 0.793820
0 0.041016 0.863550 0.161130 0.863550 0.161130 0.924300 0.041016 0.924300
0 0.252930 0.860560 0.387700 0.860560 0.387700 0.921310 0.252930 0.921310
0 0.250980 0.736060 0.385740 0.736060 0.385740 0.796810 0.250980 0.796810
0 0.250980 0.605580 0.384770 0.605580 0.384770 0.666330 0.250980 0.666330
0 0.248050 0.454180 0.382810 0.454180 0.382810 0.514940 0.248050 0.514940
0 0.248050 0.300800 0.382810 0.300800 0.382810 0.361550 0.248050 0.361550
0 0.250000 0.168330 0.384770 0.168330 0.384770 0.229080 0.250000 0.229080
0 0.251950 0.039841 0.385740 0.039841 0.385740 0.100600 0.251950 0.100600
0 0.494140 0.041833 0.643550 0.041833 0.643550 0.110560 0.494140 0.110560
0 0.493160 0.170320 0.642580 0.170320 0.642580 0.239040 0.493160 0.239040
0 0.494140 0.297810 0.643550 0.297810 0.643550 0.366530 0.494140 0.366530
0 0.492190 0.451200 0.641600 0.451200 0.641600 0.519920 0.492190 0.519920
0 0.495120 0.597610 0.643550 0.597610 0.643550 0.666330 0.495120 0.666330
0 0.495120 0.730080 0.643550 0.730080 0.643550 0.798800 0.495120 0.798800
0 0.493160 0.856570 0.641600 0.856570 0.641600 0.920320 0.493160 0.920320
1 0.733400 0.420320 0.993160 0.420320 0.993160 0.543820 0.733400 0.543820
