0 0.170850 0.041016 0.316580 0.041016 0.316580 0.106450 0.170850 0.106450
0 0.160800 0.196290 0.310550 0.196290 0.310550 0.265620 0.160800 0.265620
0 0.156780 0.365230 0.305530 0.365230 0.305530 0.433590 0.156780 0.433590
0 0.150750 0.529300 0.304520 0.529300 0.304520 0.602540 0.150750 0.602540
0 0.149750 0.693360 0.303520 0.693360 0.303520 0.766600 0.149750 0.766600
0 0.154770 0.856450 0.307540 0.856450 0.307540 0.926760 0.154770 0.926760
0 0.435180 0.040039 0.598990 0.040039 0.598990 0.105470 0.435180 0.105470
0 0.432160 0.199220 0.595980 0.199220 0.595980 0.270510 0.432160 0.270510
0 0.429150 0.367190 0.594970 0.367190 0.594970 0.441410 0.429150 0.441410
0 0.429150 0.530270 0.594970 0.530270 0.594970 0.603520 0.429150 0.603520
0 0.431160 0.697270 0.591960 0.697270 0.591960 0.770510 0.431160 0.770510
0 0.432160 0.861330 0.587940 0.861330 0.587940 0.930660 0.432160 0.930660
1 0.756780 0.508790 0.988940 0.508790 0.988940 0.612300 0.756780 0.612300
1 0.751760 0.004883 0.986930 0.004883 0.986930 0.058594 0.751760 0.058594
