0 0.072266 0.077694 0.113280 0.077694 0.113280 0.228070 0.072266 0.228070
0 0.070312 0.421050 0.112300 0.421050 0.112300 0.566420 0.070312 0.566420
0 0.068359 0.769420 0.111330 0.769420 0.111330 0.914790 0.068359 0.914790
0 0.175780 0.080201 0.234380 0.080201 0.234380 0.238100 0.175780 0.238100
0 0.174800 0.421050 0.233400 0.421050 0.233400 0.578950 0.174800 0.578950
0 0.170900 0.761900 0.229490 0.761900 0.229490 0.922310 0.170900 0.922310
0 0.296880 0.426070 0.372070 0.426070 0.372070 0.548870 0.296880 0.548870
0 0.296880 0.090226 0.371090 0.090226 0.371090 0.213030 0.296880 0.213030
0 0.297850 0.756890 0.372070 0.756890 0.372070 0.879700 0.297850 0.879700
0 0.401370 0.754390 0.475590 0.754390 0.475590 0.877190 0.401370 0.877190
0 0.402340 0.418550 0.476560 0.418550 0.476560 0.541350 0.402340 0.541350
0 0.400390 0.090226 0.475590 0.090226 0.475590 0.213030 0.400390 0.213030
0 0.503910 0.754390 0.572270 0.754390 0.572270 0.877190 0.503910 0.877190
0 0.503910 0.421050 0.572270 0.421050 0.572270 0.543860 0.503910 0.543860
0 0.502930 0.090226 0.571290 0.090226 0.571290 0.210530 0.502930 0.210530
0 0.606450 0.090226 0.674800 0.090226 0.674800 0.210530 0.606450 0.210530
0 0.606450 0.426070 0.674800 0.426070 0.674800 0.548870 0.606450 0.548870
0 0.607420 0.754390 0.675780 0.754390 0.675780 0.874690 0.607420 0.874690
1 0.834960 0.393480 0.978520 0.393480 0.978520 0.578950 0.834960 0.578950
0 0.746090 0.105260 0.792970 0.105260 0.792970 0.203010 0.746090 0.203010
0 0.747070 0.781950 0.794920 0.781950 0.794920 0.879700 0.747070 0.879700
