0 0.338030 0.086914 0.461970 0.086914 0.461970 0.127930 0.338030 0.127930
0 0.336620 0.263670 0.460560 0.263670 0.460560 0.304690 0.336620 0.304690
0 0.328170 0.488280 0.456340 0.488280 0.456340 0.533200 0.328170 0.533200
0 0.338030 0.714840 0.463380 0.714840 0.463380 0.756840 0.338030 0.756840
0 0.340850 0.889650 0.464790 0.889650 0.464790 0.931640 0.340850 0.931640
0 0.774650 0.265620 0.869010 0.265620 0.869010 0.305660 0.774650 0.305660
0 0.770420 0.716800 0.863380 0.716800 0.863380 0.756840 0.770420 0.756840
0 0.221130 0.087891 0.267610 0.087891 0.267610 0.127930 0.221130 0.127930
0 0.226760 0.268550 0.273240 0.268550 0.273240 0.309570 0.226760 0.309570
0 0.218310 0.491210 0.264790 0.491210 0.264790 0.532230 0.218310 0.532230
0 0.222540 0.890620 0.269010 0.890620 0.269010 0.931640 0.222540 0.931640
0 0.225350 0.714840 0.273240 0.714840 0.273240 0.755860 0.225350 0.755860
1 0.792960 0.457030 0.994370 0.457030 0.994370 0.562500 0.792960 0.562500
