0 0.173080 0.144530 0.315710 0.144530 0.315710 0.205080 0.173080 0.205080
0 0.173080 0.279300 0.314100 0.279300 0.314100 0.338870 0.173080 0.338870
0 0.174680 0.414060 0.315710 0.414060 0.315710 0.473630 0.174680 0.473630
0 0.173080 0.545900 0.315710 0.545900 0.315710 0.605470 0.173080 0.605470
0 0.174680 0.676760 0.317310 0.676760 0.317310 0.737300 0.174680 0.737300
0 0.504810 0.143550 0.665060 0.143550 0.665060 0.206050 0.504810 0.206050
0 0.503210 0.277340 0.663460 0.277340 0.663460 0.339840 0.503210 0.339840
0 0.506410 0.409180 0.666670 0.409180 0.666670 0.471680 0.506410 0.471680
0 0.504810 0.541020 0.665060 0.541020 0.665060 0.603520 0.504810 0.603520
0 0.506410 0.673830 0.666670 0.673830 0.666670 0.736330 0.506410 0.736330
0 0.584940 0.912110 0.645830 0.912110 0.645830 0.939450 0.584940 0.939450
0 0.572120 0.830080 0.639420 0.830080 0.639420 0.857420 0.572120 0.857420
0 0.706730 0.828120 0.775640 0.828120 0.775640 0.857420 0.706730 0.857420
0 0.708330 0.912110 0.774040 0.912110 0.774040 0.938480 0.708330 0.938480
