0 0.222680 0.109380 0.336070 0.109380 0.336070 0.164060 0.222680 0.164060
0 0.219950 0.273440 0.337430 0.273440 0.337430 0.326170 0.219950 0.326170
0 0.219950 0.437500 0.334700 0.437500 0.334700 0.491210 0.219950 0.491210
0 0.215850 0.626950 0.336070 0.626950 0.336070 0.682620 0.215850 0.682620
0 0.217210 0.828120 0.337430 0.828120 0.337430 0.880860 0.217210 0.880860
0 0.498630 0.110350 0.625680 0.110350 0.625680 0.164060 0.498630 0.164060
0 0.498630 0.271480 0.625680 0.271480 0.625680 0.325200 0.498630 0.325200
0 0.498630 0.435550 0.625680 0.435550 0.625680 0.489260 0.498630 0.489260
0 0.500000 0.625980 0.627050 0.625980 0.627050 0.679690 0.500000 0.679690
0 0.501370 0.822270 0.628420 0.822270 0.628420 0.875980 0.501370 0.875980
1 0.728140 0.792970 0.913930 0.792970 0.913930 0.901370 0.728140 0.901370
1 0.822400 0.119140 0.943990 0.119140 0.943990 0.155270 0.822400 0.155270
