0 0.191320 0.432620 0.314790 0.432620 0.314790 0.494140 0.191320 0.494140
0 0.192670 0.617190 0.314790 0.617190 0.314790 0.679690 0.192670 0.679690
0 0.194030 0.799800 0.316150 0.799800 0.316150 0.862300 0.194030 0.862300
0 0.191320 0.243160 0.313430 0.243160 0.313430 0.304690 0.191320 0.304690
0 0.436910 0.240230 0.584800 0.240230 0.584800 0.302730 0.436910 0.302730
0 0.436910 0.430660 0.583450 0.430660 0.583450 0.493160 0.436910 0.493160
0 0.435550 0.618160 0.583450 0.618160 0.583450 0.680660 0.435550 0.680660
0 0.436910 0.798830 0.583450 0.798830 0.583450 0.861330 0.436910 0.861330
0 0.244230 0.045898 0.379920 0.045898 0.379920 0.101560 0.244230 0.101560
0 0.063772 0.051758 0.151970 0.051758 0.151970 0.100590 0.063772 0.100590
0 0.473540 0.045898 0.609230 0.045898 0.609230 0.096680 0.473540 0.096680
1 0.689280 0.191410 0.921300 0.191410 0.921300 0.259770 0.689280 0.259770
1 0.689280 0.276370 0.922660 0.276370 0.922660 0.346680 0.689280 0.346680
