0 0.133330 0.040039 0.291300 0.040039 0.291300 0.089844 0.133330 0.089844
0 0.128990 0.149410 0.288410 0.149410 0.288410 0.199220 0.128990 0.199220
0 0.127540 0.261720 0.286960 0.261720 0.286960 0.311520 0.127540 0.311520
0 0.418840 0.257810 0.597100 0.257810 0.597100 0.310550 0.418840 0.310550
0 0.421740 0.149410 0.600000 0.149410 0.600000 0.203120 0.421740 0.203120
0 0.423190 0.036133 0.601450 0.036133 0.601450 0.088867 0.423190 0.088867
0 0.123190 0.367190 0.285510 0.367190 0.285510 0.417970 0.123190 0.417970
0 0.123190 0.484380 0.285510 0.484380 0.285510 0.535160 0.123190 0.535160
0 0.118840 0.592770 0.281160 0.592770 0.281160 0.643550 0.118840 0.643550
0 0.120290 0.706050 0.282610 0.706050 0.282610 0.756840 0.120290 0.756840
0 0.118840 0.815430 0.281160 0.815430 0.281160 0.866210 0.118840 0.866210
0 0.120290 0.920900 0.282610 0.920900 0.282610 0.971680 0.120290 0.971680
0 0.411590 0.918950 0.592750 0.918950 0.592750 0.972660 0.411590 0.972660
0 0.410140 0.812500 0.591300 0.812500 0.591300 0.866210 0.410140 0.866210
0 0.413040 0.703120 0.594200 0.703120 0.594200 0.756840 0.413040 0.756840
0 0.411590 0.591800 0.592750 0.591800 0.592750 0.645510 0.411590 0.645510
0 0.413040 0.482420 0.594200 0.482420 0.594200 0.536130 0.413040 0.536130
0 0.414490 0.366210 0.595650 0.366210 0.595650 0.419920 0.414490 0.419920
1 0.794200 0.602540 0.994200 0.602540 0.994200 0.661130 0.794200 0.661130
0 0.707250 0.599610 0.788410 0.599610 0.788410 0.660160 0.707250 0.660160
