0 0.242780 0.119140 0.346350 0.119140 0.346350 0.164060 0.242780 0.164060
0 0.244480 0.223630 0.348050 0.223630 0.348050 0.268550 0.244480 0.268550
0 0.241090 0.333010 0.344650 0.333010 0.344650 0.377930 0.241090 0.377930
0 0.242780 0.448240 0.346350 0.448240 0.346350 0.493160 0.242780 0.493160
0 0.242780 0.496090 0.346350 0.496090 0.346350 0.540040 0.242780 0.540040
0 0.241090 0.609380 0.344650 0.609380 0.344650 0.653320 0.241090 0.653320
0 0.241090 0.722660 0.344650 0.722660 0.344650 0.767580 0.241090 0.767580
0 0.241090 0.833010 0.344650 0.833010 0.344650 0.876950 0.241090 0.876950
0 0.490660 0.120120 0.616300 0.120120 0.616300 0.163090 0.490660 0.163090
0 0.492360 0.223630 0.616300 0.223630 0.616300 0.266600 0.492360 0.266600
0 0.492360 0.333980 0.618000 0.333980 0.618000 0.376950 0.492360 0.376950
0 0.494060 0.495120 0.607810 0.495120 0.607810 0.537110 0.494060 0.537110
0 0.494060 0.448240 0.607810 0.448240 0.607810 0.487300 0.494060 0.487300
0 0.494060 0.611330 0.619690 0.611330 0.619690 0.654300 0.494060 0.654300
0 0.494060 0.724610 0.618000 0.724610 0.618000 0.768550 0.494060 0.768550
0 0.495760 0.833980 0.621390 0.833980 0.621390 0.876950 0.495760 0.876950
0 0.750420 0.121090 0.862480 0.121090 0.862480 0.164060 0.750420 0.164060
0 0.752120 0.224610 0.862480 0.224610 0.862480 0.268550 0.752120 0.268550
0 0.755520 0.333010 0.864180 0.333010 0.864180 0.376950 0.755520 0.376950
0 0.762310 0.609380 0.869270 0.609380 0.869270 0.652340 0.762310 0.652340
0 0.765700 0.721680 0.872670 0.721680 0.872670 0.764650 0.765700 0.764650
0 0.764010 0.831050 0.876060 0.831050 0.876060 0.875000 0.764010 0.875000
1 0.711380 0.448240 0.938880 0.448240 0.938880 0.534180 0.711380 0.534180
