0 0.774150 0.087891 0.922710 0.087891 0.922710 0.157230 0.774150 0.157230
0 0.778990 0.215820 0.927540 0.215820 0.927540 0.286130 0.778990 0.286130
0 0.774150 0.743160 0.922710 0.743160 0.922710 0.813480 0.774150 0.813480
0 0.772950 0.872070 0.921500 0.872070 0.921500 0.941410 0.772950 0.941410
0 0.167870 0.081055 0.334540 0.081055 0.334540 0.151370 0.167870 0.151370
0 0.170290 0.215820 0.336960 0.215820 0.336960 0.286130 0.170290 0.286130
0 0.167870 0.346680 0.334540 0.346680 0.334540 0.416990 0.167870 0.416990
0 0.172710 0.485350 0.338160 0.485350 0.338160 0.554690 0.172710 0.554690
0 0.169080 0.629880 0.335750 0.629880 0.335750 0.699220 0.169080 0.699220
0 0.169080 0.755860 0.335750 0.755860 0.335750 0.825200 0.169080 0.825200
0 0.170290 0.888670 0.336960 0.888670 0.336960 0.958980 0.170290 0.958980
0 0.474640 0.081055 0.641300 0.081055 0.641300 0.151370 0.474640 0.151370
0 0.474640 0.213870 0.641300 0.213870 0.641300 0.283200 0.474640 0.283200
0 0.475850 0.345700 0.642510 0.345700 0.642510 0.415040 0.475850 0.415040
0 0.475850 0.484380 0.642510 0.484380 0.642510 0.553710 0.475850 0.553710
0 0.478260 0.625000 0.644930 0.625000 0.644930 0.694340 0.478260 0.694340
0 0.481880 0.748050 0.648550 0.748050 0.648550 0.818360 0.481880 0.818360
0 0.478260 0.882810 0.644930 0.882810 0.644930 0.952150 0.478260 0.952150
1 0.759660 0.446290 0.992750 0.446290 0.992750 0.583980 0.759660 0.583980
