0 0.252930 0.160800 0.326170 0.160800 0.326170 0.246230 0.252930 0.246230
0 0.251950 0.452260 0.324220 0.452260 0.324220 0.537690 0.251950 0.537690
0 0.249020 0.738690 0.322270 0.738690 0.322270 0.824120 0.249020 0.824120
0 0.358400 0.158290 0.431640 0.158290 0.431640 0.243720 0.358400 0.243720
0 0.358400 0.442210 0.431640 0.442210 0.431640 0.527640 0.358400 0.527640
0 0.357420 0.743720 0.430660 0.743720 0.430660 0.826630 0.357420 0.826630
0 0.463870 0.731160 0.540040 0.731160 0.540040 0.819100 0.463870 0.819100
0 0.464840 0.447240 0.540040 0.447240 0.540040 0.535180 0.464840 0.535180
0 0.465820 0.158290 0.541020 0.158290 0.541020 0.243720 0.465820 0.243720
0 0.576170 0.150750 0.670900 0.150750 0.670900 0.251260 0.576170 0.251260
0 0.577150 0.442210 0.671880 0.442210 0.671880 0.542710 0.577150 0.542710
0 0.575200 0.721110 0.669920 0.721110 0.669920 0.829150 0.575200 0.829150
0 0.708980 0.145730 0.798830 0.145730 0.798830 0.261310 0.708980 0.261310
0 0.708010 0.432160 0.797850 0.432160 0.797850 0.547740 0.708010 0.547740
0 0.707030 0.716080 0.796880 0.716080 0.796880 0.831660 0.707030 0.831660
0 0.154300 0.092965 0.204100 0.092965 0.204100 0.133170 0.154300 0.133170
0 0.154300 0.271360 0.204100 0.271360 0.204100 0.314070 0.154300 0.314070
0 0.153320 0.384420 0.202150 0.384420 0.202150 0.424620 0.153320 0.424620
0 0.152340 0.560300 0.201170 0.560300 0.201170 0.600500 0.152340 0.600500
0 0.152340 0.673370 0.202150 0.673370 0.202150 0.713570 0.152340 0.713570
0 0.150390 0.849250 0.201170 0.849250 0.201170 0.899500 0.150390 0.899500
0 0.153320 0.153270 0.204100 0.153270 0.204100 0.251260 0.153320 0.251260
0 0.151370 0.442210 0.202150 0.442210 0.202150 0.540200 0.151370 0.540200
0 0.150390 0.731160 0.201170 0.731160 0.201170 0.829150 0.150390 0.829150
1 0.872070 0.386930 0.995120 0.386930 0.995120 0.587940 0.872070 0.587940
