0 0.232590 0.107420 0.408670 0.107420 0.408670 0.170900 0.232590 0.170900
0 0.233900 0.191410 0.409990 0.191410 0.409990 0.254880 0.233900 0.254880
0 0.239160 0.387700 0.412610 0.387700 0.412610 0.451170 0.239160 0.451170
0 0.239160 0.549800 0.412610 0.549800 0.412610 0.613280 0.239160 0.613280
0 0.239160 0.713870 0.411300 0.713870 0.411300 0.777340 0.239160 0.777340
0 0.231270 0.915040 0.404730 0.915040 0.404730 0.978520 0.231270 0.978520
0 0.566360 0.104490 0.746390 0.104490 0.746390 0.169920 0.566360 0.169920
0 0.567670 0.192380 0.749010 0.192380 0.749010 0.257810 0.567670 0.257810
0 0.570300 0.384770 0.743760 0.384770 0.743760 0.450200 0.570300 0.450200
0 0.571620 0.711910 0.745070 0.711910 0.745070 0.777340 0.571620 0.777340
0 0.568990 0.916020 0.742440 0.916020 0.742440 0.981450 0.568990 0.981450
0 0.831800 0.123050 0.867280 0.123050 0.867280 0.148440 0.831800 0.148440
0 0.818660 0.404300 0.852830 0.404300 0.852830 0.430660 0.818660 0.430660
0 0.800260 0.733400 0.834430 0.733400 0.834430 0.758790 0.800260 0.758790
1 0.566360 0.537110 0.864650 0.537110 0.864650 0.625980 0.566360 0.625980
