0 0.126030 0.123050 0.186300 0.123050 0.186300 0.142580 0.126030 0.142580
0 0.126030 0.171880 0.186300 0.171880 0.186300 0.191410 0.126030 0.191410
0 0.123290 0.222660 0.189040 0.222660 0.189040 0.242190 0.123290 0.242190
0 0.131510 0.288090 0.189040 0.288090 0.189040 0.305660 0.131510 0.305660
0 0.126030 0.354490 0.183560 0.354490 0.183560 0.373050 0.126030 0.373050
0 0.126030 0.406250 0.186300 0.406250 0.186300 0.422850 0.126030 0.422850
0 0.117810 0.477540 0.186300 0.477540 0.186300 0.500000 0.117810 0.500000
0 0.126030 0.553710 0.186300 0.553710 0.186300 0.574220 0.126030 0.574220
0 0.128770 0.605470 0.186300 0.605470 0.186300 0.623050 0.128770 0.623050
0 0.131510 0.673830 0.183560 0.673830 0.183560 0.688480 0.131510 0.688480
0 0.120550 0.741210 0.180820 0.741210 0.180820 0.759770 0.120550 0.759770
0 0.123290 0.792970 0.183560 0.792970 0.183560 0.810550 0.123290 0.810550
0 0.120550 0.845700 0.180820 0.845700 0.180820 0.863280 0.120550 0.863280
0 0.369860 0.024414 0.495890 0.024414 0.495890 0.045898 0.369860 0.045898
0 0.369860 0.073242 0.495890 0.073242 0.495890 0.094727 0.369860 0.094727
0 0.369860 0.122070 0.495890 0.122070 0.495890 0.142580 0.369860 0.142580
0 0.372600 0.169920 0.498630 0.169920 0.498630 0.191410 0.372600 0.191410
0 0.610960 0.025391 0.709590 0.025391 0.709590 0.045898 0.610960 0.045898
0 0.608220 0.074219 0.709590 0.074219 0.709590 0.094727 0.608220 0.094727
0 0.608220 0.122070 0.709590 0.122070 0.709590 0.142580 0.608220 0.142580
0 0.608220 0.170900 0.706850 0.170900 0.706850 0.191410 0.608220 0.191410
0 0.608220 0.218750 0.706850 0.218750 0.706850 0.239260 0.608220 0.239260
0 0.605480 0.277340 0.704110 0.277340 0.704110 0.295900 0.605480 0.295900
0 0.608220 0.297850 0.706850 0.297850 0.706850 0.316410 0.608220 0.316410
0 0.602740 0.354490 0.706850 0.354490 0.706850 0.375000 0.602740 0.375000
0 0.602740 0.404300 0.706850 0.404300 0.706850 0.424800 0.602740 0.424800
0 0.608220 0.455080 0.704110 0.455080 0.704110 0.474610 0.608220 0.474610
0 0.608220 0.504880 0.706850 0.504880 0.706850 0.524410 0.608220 0.524410
0 0.608220 0.554690 0.706850 0.554690 0.706850 0.575200 0.608220 0.575200
0 0.608220 0.605470 0.706850 0.605470 0.706850 0.625980 0.608220 0.625980
0 0.608220 0.741210 0.706850 0.741210 0.706850 0.760740 0.608220 0.760740
0 0.608220 0.792970 0.709590 0.792970 0.709590 0.812500 0.608220 0.812500
0 0.610960 0.846680 0.712330 0.846680 0.712330 0.866210 0.610960 0.866210
0 0.610960 0.899410 0.712330 0.899410 0.712330 0.918950 0.610960 0.918950
0 0.610960 0.952150 0.712330 0.952150 0.712330 0.971680 0.610960 0.971680
0 0.832880 0.024414 0.926030 0.024414 0.926030 0.044922 0.832880 0.044922
0 0.832880 0.073242 0.926030 0.073242 0.926030 0.093750 0.832880 0.093750
0 0.830140 0.123050 0.923290 0.123050 0.923290 0.143550 0.830140 0.143550
0 0.827400 0.170900 0.923290 0.170900 0.923290 0.191410 0.827400 0.191410
0 0.827400 0.218750 0.920550 0.218750 0.920550 0.239260 0.827400 0.239260
0 0.824660 0.355470 0.917810 0.355470 0.917810 0.375000 0.824660 0.375000
0 0.824660 0.405270 0.917810 0.405270 0.917810 0.424800 0.824660 0.424800
0 0.824660 0.456050 0.917810 0.456050 0.917810 0.474610 0.824660 0.474610
0 0.824660 0.505860 0.917810 0.505860 0.917810 0.525390 0.824660 0.525390
0 0.830140 0.555660 0.920550 0.555660 0.920550 0.575200 0.830140 0.575200
0 0.830140 0.606450 0.920550 0.606450 0.920550 0.625980 0.830140 0.625980
0 0.835620 0.743160 0.926030 0.743160 0.926030 0.762700 0.835620 0.762700
0 0.835620 0.794920 0.926030 0.794920 0.926030 0.813480 0.835620 0.813480
0 0.838360 0.847660 0.928770 0.847660 0.928770 0.866210 0.838360 0.866210
0 0.843840 0.901370 0.931510 0.901370 0.931510 0.919920 0.843840 0.919920
0 0.843840 0.953120 0.934250 0.953120 0.934250 0.972660 0.843840 0.972660
0 0.369860 0.953120 0.495890 0.953120 0.495890 0.972660 0.369860 0.972660
0 0.369860 0.899410 0.495890 0.899410 0.495890 0.918950 0.369860 0.918950
0 0.372600 0.845700 0.498630 0.845700 0.498630 0.865230 0.372600 0.865230
0 0.369860 0.793950 0.495890 0.793950 0.495890 0.813480 0.369860 0.813480
0 0.350680 0.742190 0.498630 0.742190 0.498630 0.762700 0.350680 0.762700
0 0.347950 0.683590 0.493150 0.683590 0.493150 0.703120 0.347950 0.703120
0 0.347950 0.665040 0.493150 0.665040 0.493150 0.682620 0.347950 0.682620
0 0.347950 0.606450 0.495890 0.606450 0.495890 0.627930 0.347950 0.627930
0 0.372600 0.554690 0.495890 0.554690 0.495890 0.575200 0.372600 0.575200
0 0.369860 0.504880 0.493150 0.504880 0.493150 0.524410 0.369860 0.524410
0 0.372600 0.454100 0.495890 0.454100 0.495890 0.474610 0.372600 0.474610
0 0.369860 0.404300 0.493150 0.404300 0.493150 0.424800 0.369860 0.424800
0 0.345210 0.353520 0.493150 0.353520 0.493150 0.374020 0.345210 0.374020
0 0.347950 0.218750 0.493150 0.218750 0.493150 0.239260 0.347950 0.239260
0 0.345210 0.278320 0.495890 0.278320 0.495890 0.295900 0.345210 0.295900
0 0.345210 0.297850 0.495890 0.297850 0.495890 0.315430 0.345210 0.315430
1 0.789040 0.657230 0.983560 0.657230 0.983560 0.707030 0.789040 0.707030
1 0.791780 0.272460 0.989040 0.272460 0.989040 0.324220 0.791780 0.324220
