0 0.129230 0.052734 0.294690 0.052734 0.294690 0.125980 0.129230 0.125980
0 0.123190 0.211910 0.294690 0.211910 0.294690 0.285160 0.123190 0.285160
0 0.109900 0.377930 0.285020 0.377930 0.285020 0.451170 0.109900 0.451170
0 0.102660 0.547850 0.283820 0.547850 0.283820 0.624020 0.102660 0.624020
0 0.102660 0.718750 0.280190 0.718750 0.280190 0.794920 0.102660 0.794920
0 0.113530 0.881840 0.271740 0.881840 0.271740 0.957030 0.113530 0.957030
0 0.415460 0.053711 0.594200 0.053711 0.594200 0.122070 0.415460 0.122070
0 0.410630 0.208980 0.591790 0.208980 0.591790 0.282230 0.410630 0.282230
0 0.404590 0.370120 0.591790 0.370120 0.591790 0.450200 0.404590 0.450200
0 0.402170 0.543950 0.588160 0.543950 0.588160 0.623050 0.402170 0.623050
0 0.396140 0.714840 0.582130 0.714840 0.582130 0.794920 0.396140 0.794920
0 0.392510 0.884770 0.576090 0.884770 0.576090 0.957030 0.392510 0.957030
1 0.746380 0.028320 0.974640 0.028320 0.974640 0.101560 0.746380 0.101560
