0 0.174800 0.087533 0.263670 0.087533 0.263670 0.155170 0.174800 0.155170
0 0.167970 0.281170 0.255860 0.281170 0.255860 0.348810 0.167970 0.348810
0 0.166020 0.484080 0.253910 0.484080 0.253910 0.551720 0.166020 0.551720
0 0.168950 0.683020 0.256840 0.683020 0.256840 0.750660 0.168950 0.750660
0 0.171880 0.879310 0.259770 0.879310 0.259770 0.946950 0.171880 0.946950
0 0.336910 0.685680 0.439450 0.685680 0.439450 0.759950 0.336910 0.759950
0 0.339840 0.880640 0.443360 0.880640 0.443360 0.954910 0.339840 0.954910
0 0.334960 0.481430 0.438480 0.481430 0.438480 0.555700 0.334960 0.555700
0 0.335940 0.278510 0.439450 0.278510 0.439450 0.354110 0.335940 0.354110
0 0.341800 0.082228 0.444340 0.082228 0.444340 0.156500 0.341800 0.156500
0 0.534180 0.083554 0.637700 0.083554 0.637700 0.157820 0.534180 0.157820
0 0.534180 0.277190 0.640620 0.277190 0.640620 0.351460 0.534180 0.351460
0 0.530270 0.481430 0.640620 0.481430 0.640620 0.555700 0.530270 0.555700
0 0.530270 0.687000 0.641600 0.687000 0.641600 0.761270 0.530270 0.761270
0 0.530270 0.883290 0.640620 0.883290 0.640620 0.958890 0.530270 0.958890
0 0.720700 0.685680 0.832030 0.685680 0.832030 0.759950 0.720700 0.759950
0 0.722660 0.481430 0.833980 0.481430 0.833980 0.557030 0.722660 0.557030
0 0.722660 0.279840 0.833010 0.279840 0.833010 0.354110 0.722660 0.354110
0 0.719730 0.084881 0.831050 0.084881 0.831050 0.159150 0.719730 0.159150
