0 0.132080 0.053711 0.283020 0.053711 0.283020 0.088867 0.132080 0.088867
0 0.122640 0.173830 0.273580 0.173830 0.273580 0.208980 0.122640 0.208980
0 0.120750 0.299800 0.267920 0.299800 0.267920 0.335940 0.120750 0.335940
0 0.113210 0.402340 0.260380 0.402340 0.260380 0.438480 0.113210 0.438480
0 0.113210 0.492190 0.260380 0.492190 0.260380 0.529300 0.113210 0.529300
0 0.113210 0.583980 0.260380 0.583980 0.260380 0.620120 0.113210 0.620120
0 0.116980 0.692380 0.264150 0.692380 0.264150 0.728520 0.116980 0.728520
0 0.120750 0.817380 0.267920 0.817380 0.267920 0.853520 0.120750 0.853520
0 0.122640 0.939450 0.269810 0.939450 0.269810 0.976560 0.122640 0.976560
0 0.400000 0.939450 0.560380 0.939450 0.560380 0.979490 0.400000 0.979490
0 0.400000 0.816410 0.560380 0.816410 0.560380 0.856450 0.400000 0.856450
0 0.400000 0.688480 0.566040 0.688480 0.566040 0.728520 0.400000 0.728520
0 0.401890 0.580080 0.569810 0.580080 0.569810 0.619140 0.401890 0.619140
0 0.400000 0.490230 0.566040 0.490230 0.566040 0.529300 0.400000 0.529300
0 0.400000 0.399410 0.566040 0.399410 0.566040 0.438480 0.400000 0.438480
0 0.400000 0.295900 0.567920 0.295900 0.567920 0.334960 0.400000 0.334960
0 0.401890 0.045898 0.567920 0.045898 0.567920 0.085938 0.401890 0.085938
0 0.403770 0.168950 0.571700 0.168950 0.571700 0.208010 0.403770 0.208010
0 0.667920 0.809570 0.715090 0.809570 0.715090 0.858400 0.667920 0.858400
0 0.662260 0.934570 0.711320 0.934570 0.711320 0.982420 0.662260 0.982420
0 0.667920 0.681640 0.718870 0.681640 0.718870 0.732420 0.667920 0.732420
0 0.669810 0.048828 0.718870 0.048828 0.718870 0.090820 0.669810 0.090820
0 0.671700 0.166020 0.718870 0.166020 0.718870 0.212890 0.671700 0.212890
0 0.671700 0.290040 0.720750 0.290040 0.720750 0.339840 0.671700 0.339840
0 0.760380 0.686520 0.896230 0.686520 0.896230 0.729490 0.760380 0.729490
0 0.752830 0.939450 0.886790 0.939450 0.886790 0.981450 0.752830 0.981450
0 0.754720 0.814450 0.888680 0.814450 0.888680 0.856450 0.754720 0.856450
1 0.666040 0.451170 0.898110 0.451170 0.898110 0.564450 0.666040 0.564450
