0 0.825200 0.896060 0.886720 0.896060 0.886720 0.936680 0.825200 0.936680
0 0.824220 0.781360 0.886720 0.781360 0.886720 0.823180 0.824220 0.823180
0 0.824220 0.665470 0.886720 0.665470 0.886720 0.708480 0.824220 0.708480
0 0.666020 0.891280 0.754880 0.891280 0.754880 0.943850 0.666020 0.943850
0 0.666990 0.777780 0.754880 0.777780 0.754880 0.829150 0.666990 0.829150
0 0.666020 0.661890 0.753910 0.661890 0.753910 0.714460 0.666020 0.714460
0 0.824220 0.551970 0.886720 0.551970 0.886720 0.592590 0.824220 0.592590
0 0.824220 0.436080 0.887700 0.436080 0.887700 0.479090 0.824220 0.479090
0 0.665040 0.544800 0.753910 0.544800 0.753910 0.598570 0.665040 0.598570
0 0.665040 0.430110 0.753910 0.430110 0.753910 0.483870 0.665040 0.483870
0 0.820310 0.225810 0.883790 0.225810 0.883790 0.267620 0.820310 0.267620
0 0.658200 0.221030 0.747070 0.221030 0.747070 0.270010 0.658200 0.270010
0 0.657230 0.146950 0.747070 0.146950 0.747070 0.195940 0.657230 0.195940
0 0.504880 0.780170 0.585940 0.780170 0.585940 0.830350 0.504880 0.830350
0 0.505860 0.894860 0.585940 0.894860 0.585940 0.945040 0.505860 0.945040
0 0.357420 0.902030 0.435550 0.902030 0.435550 0.943850 0.357420 0.943850
0 0.357420 0.786140 0.435550 0.786140 0.435550 0.827960 0.357420 0.827960
0 0.505860 0.663080 0.583980 0.663080 0.583980 0.713260 0.505860 0.713260
0 0.505860 0.548390 0.583980 0.548390 0.583980 0.597370 0.505860 0.597370
0 0.504880 0.431300 0.584960 0.431300 0.584960 0.481480 0.504880 0.481480
0 0.357420 0.671450 0.434570 0.671450 0.434570 0.713260 0.357420 0.713260
0 0.357420 0.555560 0.434570 0.555560 0.434570 0.598570 0.357420 0.598570
0 0.358400 0.439670 0.434570 0.439670 0.434570 0.482680 0.358400 0.482680
0 0.494140 0.221030 0.578120 0.221030 0.578120 0.270010 0.494140 0.270010
0 0.493160 0.146950 0.578120 0.146950 0.578120 0.197130 0.493160 0.197130
0 0.343750 0.219830 0.418950 0.219830 0.418950 0.260450 0.343750 0.260450
0 0.342770 0.167260 0.418950 0.167260 0.418950 0.211470 0.342770 0.211470
0 0.134770 0.188770 0.173830 0.188770 0.173830 0.235360 0.134770 0.235360
