0 0.262700 0.242190 0.324220 0.242190 0.324220 0.283850 0.262700 0.283850
0 0.262700 0.330730 0.324220 0.330730 0.324220 0.372400 0.262700 0.372400
0 0.394530 0.242190 0.458980 0.242190 0.458980 0.282550 0.394530 0.282550
0 0.394530 0.329430 0.458980 0.329430 0.458980 0.371090 0.394530 0.371090
0 0.262700 0.430990 0.324220 0.430990 0.324220 0.471350 0.262700 0.471350
0 0.262700 0.520830 0.325200 0.520830 0.325200 0.559900 0.262700 0.559900
0 0.394530 0.430990 0.458010 0.430990 0.458010 0.472660 0.394530 0.472660
0 0.395510 0.520830 0.458010 0.520830 0.458010 0.561200 0.395510 0.561200
0 0.262700 0.619790 0.324220 0.619790 0.324220 0.661460 0.262700 0.661460
0 0.262700 0.709640 0.323240 0.709640 0.323240 0.750000 0.262700 0.750000
0 0.394530 0.618490 0.457030 0.618490 0.457030 0.661460 0.394530 0.661460
0 0.394530 0.710940 0.457030 0.710940 0.457030 0.750000 0.394530 0.750000
0 0.528320 0.618490 0.592770 0.618490 0.592770 0.661460 0.528320 0.661460
0 0.528320 0.710940 0.592770 0.710940 0.592770 0.751300 0.528320 0.751300
0 0.666020 0.619790 0.729490 0.619790 0.729490 0.661460 0.666020 0.661460
0 0.666020 0.710940 0.730470 0.710940 0.730470 0.752600 0.666020 0.752600
0 0.528320 0.429690 0.569340 0.429690 0.569340 0.472660 0.528320 0.472660
0 0.528320 0.519530 0.570310 0.519530 0.570310 0.561200 0.528320 0.561200
0 0.665040 0.432290 0.714840 0.432290 0.714840 0.472660 0.665040 0.472660
0 0.666020 0.520830 0.715820 0.520830 0.715820 0.561200 0.666020 0.561200
0 0.528320 0.239580 0.592770 0.239580 0.592770 0.282550 0.528320 0.282550
0 0.528320 0.330730 0.592770 0.330730 0.592770 0.372400 0.528320 0.372400
0 0.665040 0.242190 0.729490 0.242190 0.729490 0.283850 0.665040 0.283850
0 0.665040 0.330730 0.728520 0.330730 0.728520 0.372400 0.665040 0.372400
0 0.799800 0.242190 0.865230 0.242190 0.865230 0.282550 0.799800 0.282550
0 0.798830 0.332030 0.865230 0.332030 0.865230 0.372400 0.798830 0.372400
0 0.800780 0.432290 0.865230 0.432290 0.865230 0.471350 0.800780 0.471350
0 0.799800 0.520830 0.864260 0.520830 0.864260 0.561200 0.799800 0.561200
0 0.798830 0.619790 0.865230 0.619790 0.865230 0.660160 0.798830 0.660160
0 0.815430 0.710940 0.855470 0.710940 0.855470 0.752600 0.815430 0.752600
1 0.886720 0.703120 0.976560 0.703120 0.976560 0.760420 0.886720 0.760420
0 0.274410 0.122400 0.334960 0.122400 0.334960 0.164060 0.274410 0.164060
0 0.273440 0.044271 0.333980 0.044271 0.333980 0.085938 0.273440 0.085938
0 0.404300 0.123700 0.440430 0.123700 0.440430 0.165360 0.404300 0.165360
0 0.403320 0.045573 0.439450 0.045573 0.439450 0.085938 0.403320 0.085938
0 0.539060 0.123700 0.583010 0.123700 0.583010 0.165360 0.539060 0.165360
0 0.673830 0.125000 0.725590 0.125000 0.725590 0.165360 0.673830 0.165360
0 0.136720 0.707030 0.162110 0.707030 0.162110 0.747400 0.136720 0.747400
0 0.136720 0.614580 0.162110 0.614580 0.162110 0.656250 0.136720 0.656250
0 0.137700 0.515620 0.163090 0.515620 0.163090 0.555990 0.137700 0.555990
0 0.137700 0.428390 0.162110 0.428390 0.162110 0.470050 0.137700 0.470050
0 0.137700 0.328120 0.163090 0.328120 0.163090 0.369790 0.137700 0.369790
1 0.921880 0.434900 0.975590 0.434900 0.975590 0.468750 0.921880 0.468750
0 0.256840 0.852860 0.324220 0.852860 0.324220 0.895830 0.256840 0.895830
0 0.256840 0.910160 0.324220 0.910160 0.324220 0.951820 0.256840 0.951820
0 0.386720 0.881510 0.460940 0.881510 0.460940 0.923180 0.386720 0.923180
0 0.385740 0.852860 0.460940 0.852860 0.460940 0.873700 0.385740 0.873700
0 0.516600 0.851560 0.542970 0.851560 0.542970 0.875000 0.516600 0.875000
0 0.516600 0.880210 0.542970 0.880210 0.542970 0.910160 0.516600 0.910160
0 0.547850 0.851560 0.593750 0.851560 0.593750 0.875000 0.547850 0.875000
0 0.547850 0.881510 0.594730 0.881510 0.594730 0.910160 0.547850 0.910160
