0 0.027344 0.059310 0.071289 0.059310 0.071289 0.092414 0.027344 0.092414
0 0.024414 0.106210 0.068359 0.106210 0.068359 0.150340 0.024414 0.150340
0 0.023438 0.289660 0.067383 0.289660 0.067383 0.333790 0.023438 0.333790
0 0.023438 0.475860 0.067383 0.475860 0.067383 0.520000 0.023438 0.520000
0 0.022461 0.662070 0.066406 0.662070 0.066406 0.704830 0.022461 0.704830
0 0.024414 0.848280 0.067383 0.848280 0.067383 0.892410 0.024414 0.892410
0 0.024414 0.164140 0.067383 0.164140 0.067383 0.197240 0.024414 0.197240
0 0.024414 0.242760 0.066406 0.242760 0.066406 0.275860 0.024414 0.275860
0 0.024414 0.348970 0.067383 0.348970 0.067383 0.382070 0.024414 0.382070
0 0.023438 0.427590 0.065430 0.427590 0.065430 0.459310 0.023438 0.459310
0 0.022461 0.535170 0.064453 0.535170 0.064453 0.566900 0.022461 0.566900
0 0.022461 0.612410 0.064453 0.612410 0.064453 0.645520 0.022461 0.645520
0 0.024414 0.720000 0.067383 0.720000 0.067383 0.753100 0.024414 0.753100
0 0.024414 0.798620 0.066406 0.798620 0.066406 0.831720 0.024414 0.831720
0 0.025391 0.902070 0.067383 0.902070 0.067383 0.935170 0.025391 0.935170
0 0.120120 0.897930 0.166020 0.897930 0.166020 0.929660 0.120120 0.929660
0 0.118160 0.797240 0.163090 0.797240 0.163090 0.830340 0.118160 0.830340
0 0.115230 0.842760 0.163090 0.842760 0.163090 0.884140 0.115230 0.884140
0 0.116210 0.714480 0.161130 0.714480 0.161130 0.747590 0.116210 0.747590
0 0.116210 0.615170 0.161130 0.615170 0.161130 0.645520 0.116210 0.645520
0 0.116210 0.531030 0.162110 0.531030 0.162110 0.572410 0.116210 0.572410
0 0.116210 0.340690 0.161130 0.340690 0.161130 0.383450 0.116210 0.383450
0 0.119140 0.160000 0.165040 0.160000 0.165040 0.201380 0.119140 0.201380
0 0.115230 0.427590 0.160160 0.427590 0.160160 0.456550 0.115230 0.456550
0 0.117190 0.241380 0.162110 0.241380 0.162110 0.270340 0.117190 0.270340
0 0.120120 0.062069 0.166020 0.062069 0.166020 0.091034 0.120120 0.091034
0 0.113280 0.656550 0.162110 0.656550 0.162110 0.696550 0.113280 0.696550
0 0.112300 0.471720 0.160160 0.471720 0.160160 0.511720 0.112300 0.511720
0 0.116210 0.286900 0.164060 0.286900 0.164060 0.328280 0.116210 0.328280
0 0.115230 0.106210 0.164060 0.106210 0.164060 0.147590 0.115230 0.147590
0 0.195310 0.851030 0.243160 0.851030 0.243160 0.885520 0.195310 0.885520
0 0.198240 0.907590 0.243160 0.907590 0.243160 0.942070 0.198240 0.942070
0 0.196290 0.806900 0.240230 0.806900 0.240230 0.837240 0.196290 0.837240
0 0.194340 0.617930 0.238280 0.617930 0.238280 0.648280 0.194340 0.648280
0 0.193360 0.428970 0.237300 0.428970 0.237300 0.459310 0.193360 0.459310
0 0.194340 0.240000 0.238280 0.240000 0.238280 0.271720 0.194340 0.271720
0 0.199220 0.056552 0.242190 0.056552 0.242190 0.093793 0.199220 0.093793
0 0.193360 0.662070 0.239260 0.662070 0.239260 0.706210 0.193360 0.706210
0 0.194340 0.724140 0.238280 0.724140 0.238280 0.755860 0.194340 0.755860
0 0.193360 0.535170 0.237300 0.535170 0.237300 0.568280 0.193360 0.568280
0 0.192380 0.474480 0.238280 0.474480 0.238280 0.520000 0.192380 0.520000
0 0.193360 0.288280 0.239260 0.288280 0.239260 0.333790 0.193360 0.333790
0 0.194340 0.103450 0.240230 0.103450 0.240230 0.148970 0.194340 0.148970
0 0.196290 0.162760 0.240230 0.162760 0.240230 0.198620 0.196290 0.198620
0 0.192380 0.347590 0.237300 0.347590 0.237300 0.383450 0.192380 0.383450
0 0.274410 0.059310 0.330080 0.059310 0.330080 0.091034 0.274410 0.091034
0 0.361330 0.059310 0.416990 0.059310 0.416990 0.091034 0.361330 0.091034
0 0.448240 0.056552 0.503910 0.056552 0.503910 0.088276 0.448240 0.088276
0 0.535160 0.057931 0.589840 0.057931 0.589840 0.089655 0.535160 0.089655
0 0.623050 0.056552 0.677730 0.056552 0.677730 0.088276 0.623050 0.088276
0 0.272460 0.165520 0.328120 0.165520 0.328120 0.197240 0.272460 0.197240
0 0.359380 0.165520 0.415040 0.165520 0.415040 0.197240 0.359380 0.197240
0 0.447270 0.164140 0.502930 0.164140 0.502930 0.195860 0.447270 0.195860
0 0.533200 0.164140 0.588870 0.164140 0.588870 0.195860 0.533200 0.195860
0 0.625000 0.165520 0.680660 0.165520 0.680660 0.197240 0.625000 0.197240
0 0.274410 0.245520 0.329100 0.245520 0.329100 0.277240 0.274410 0.277240
0 0.273440 0.355860 0.329100 0.355860 0.329100 0.387590 0.273440 0.387590
0 0.361330 0.351720 0.416020 0.351720 0.416020 0.383450 0.361330 0.383450
0 0.359380 0.244140 0.415040 0.244140 0.415040 0.275860 0.359380 0.275860
0 0.448240 0.244140 0.502930 0.244140 0.502930 0.274480 0.448240 0.274480
0 0.448240 0.355860 0.502930 0.355860 0.502930 0.387590 0.448240 0.387590
0 0.536130 0.357240 0.591800 0.357240 0.591800 0.387590 0.536130 0.387590
0 0.534180 0.244140 0.589840 0.244140 0.589840 0.275860 0.534180 0.275860
0 0.624020 0.245520 0.680660 0.245520 0.680660 0.280000 0.624020 0.280000
0 0.623050 0.354480 0.679690 0.354480 0.679690 0.390340 0.623050 0.390340
0 0.271480 0.433100 0.329100 0.433100 0.329100 0.467590 0.271480 0.467590
0 0.271480 0.543450 0.329100 0.543450 0.329100 0.577930 0.271480 0.577930
0 0.358400 0.434480 0.415040 0.434480 0.415040 0.468970 0.358400 0.468970
0 0.358400 0.544830 0.415040 0.544830 0.415040 0.579310 0.358400 0.579310
0 0.446290 0.434480 0.503910 0.434480 0.503910 0.468970 0.446290 0.468970
0 0.447270 0.546210 0.504880 0.546210 0.504880 0.580690 0.447270 0.580690
0 0.535160 0.437240 0.591800 0.437240 0.591800 0.471720 0.535160 0.471720
0 0.538090 0.547590 0.594730 0.547590 0.594730 0.582070 0.538090 0.582070
0 0.625000 0.435860 0.681640 0.435860 0.681640 0.470340 0.625000 0.470340
0 0.624020 0.547590 0.681640 0.547590 0.681640 0.582070 0.624020 0.582070
0 0.714840 0.546210 0.776370 0.546210 0.776370 0.580690 0.714840 0.580690
0 0.713870 0.438620 0.774410 0.438620 0.774410 0.470340 0.713870 0.470340
0 0.713870 0.357240 0.775390 0.357240 0.775390 0.393100 0.713870 0.393100
0 0.712890 0.245520 0.773440 0.245520 0.773440 0.281380 0.712890 0.281380
0 0.711910 0.162760 0.773440 0.162760 0.773440 0.198620 0.711910 0.198620
0 0.709960 0.057931 0.771480 0.057931 0.771480 0.093793 0.709960 0.093793
0 0.270510 0.623450 0.332030 0.623450 0.332030 0.659310 0.270510 0.659310
0 0.274410 0.731030 0.330080 0.731030 0.330080 0.768280 0.274410 0.768280
0 0.274410 0.809660 0.331050 0.809660 0.331050 0.845520 0.274410 0.845520
0 0.275390 0.917240 0.332030 0.917240 0.332030 0.953100 0.275390 0.953100
0 0.359380 0.624830 0.415040 0.624830 0.415040 0.660690 0.359380 0.660690
0 0.360350 0.735170 0.416990 0.735170 0.416990 0.772410 0.360350 0.772410
0 0.362300 0.813790 0.418950 0.813790 0.418950 0.851030 0.362300 0.851030
0 0.363280 0.920000 0.418950 0.920000 0.418950 0.955860 0.363280 0.955860
0 0.448240 0.626210 0.503910 0.626210 0.503910 0.663450 0.448240 0.663450
0 0.449220 0.735170 0.504880 0.735170 0.504880 0.771030 0.449220 0.771030
0 0.450200 0.815170 0.505860 0.815170 0.505860 0.851030 0.450200 0.851030
0 0.451170 0.920000 0.507810 0.920000 0.507810 0.955860 0.451170 0.955860
0 0.539060 0.922760 0.595700 0.922760 0.595700 0.958620 0.539060 0.958620
0 0.539060 0.816550 0.594730 0.816550 0.594730 0.852410 0.539060 0.852410
0 0.537110 0.737930 0.593750 0.737930 0.593750 0.775170 0.537110 0.775170
0 0.537110 0.626210 0.592770 0.626210 0.592770 0.663450 0.537110 0.663450
0 0.625000 0.627590 0.683590 0.627590 0.683590 0.660690 0.625000 0.660690
0 0.625980 0.736550 0.684570 0.736550 0.684570 0.768280 0.625980 0.768280
0 0.625000 0.815170 0.684570 0.815170 0.684570 0.851030 0.625000 0.851030
0 0.625980 0.920000 0.684570 0.920000 0.684570 0.955860 0.625980 0.955860
0 0.715820 0.630340 0.774410 0.630340 0.774410 0.664830 0.715820 0.664830
0 0.715820 0.733790 0.774410 0.733790 0.774410 0.768280 0.715820 0.768280
0 0.714840 0.812410 0.773440 0.812410 0.773440 0.848280 0.714840 0.848280
0 0.712890 0.917240 0.771480 0.917240 0.771480 0.953100 0.712890 0.953100
0 0.274410 0.108970 0.328120 0.108970 0.328120 0.147590 0.274410 0.147590
0 0.360350 0.106210 0.414060 0.106210 0.414060 0.146210 0.360350 0.146210
0 0.272460 0.293790 0.327150 0.293790 0.327150 0.335170 0.272460 0.335170
0 0.359380 0.293790 0.414060 0.293790 0.414060 0.333790 0.359380 0.333790
0 0.449220 0.104830 0.503910 0.104830 0.503910 0.146210 0.449220 0.146210
0 0.446290 0.296550 0.500980 0.296550 0.500980 0.336550 0.446290 0.336550
0 0.536130 0.106210 0.590820 0.106210 0.590820 0.147590 0.536130 0.147590
0 0.535160 0.293790 0.589840 0.293790 0.589840 0.335170 0.535160 0.335170
0 0.623050 0.106210 0.677730 0.106210 0.677730 0.147590 0.623050 0.147590
0 0.625980 0.295170 0.680660 0.295170 0.680660 0.336550 0.625980 0.336550
0 0.710940 0.107590 0.769530 0.107590 0.769530 0.148970 0.710940 0.148970
0 0.713870 0.297930 0.773440 0.297930 0.773440 0.339310 0.713870 0.339310
0 0.713870 0.485520 0.775390 0.485520 0.775390 0.528280 0.713870 0.528280
0 0.272460 0.484140 0.326170 0.484140 0.326170 0.522760 0.272460 0.522760
0 0.361330 0.485520 0.415040 0.485520 0.415040 0.525520 0.361330 0.525520
0 0.450200 0.488280 0.502930 0.488280 0.502930 0.526900 0.450200 0.526900
0 0.539060 0.489660 0.592770 0.489660 0.592770 0.528280 0.539060 0.528280
0 0.627930 0.489660 0.681640 0.489660 0.681640 0.528280 0.627930 0.528280
0 0.628910 0.678620 0.682620 0.678620 0.682620 0.717240 0.628910 0.717240
0 0.538090 0.678620 0.596680 0.678620 0.596680 0.717240 0.538090 0.717240
0 0.449220 0.677240 0.507810 0.677240 0.507810 0.715860 0.449220 0.715860
0 0.358400 0.678620 0.416990 0.678620 0.416990 0.717240 0.358400 0.717240
0 0.272460 0.673100 0.331050 0.673100 0.331050 0.711720 0.272460 0.711720
0 0.274410 0.862070 0.333010 0.862070 0.333010 0.902070 0.274410 0.902070
0 0.361330 0.864830 0.420900 0.864830 0.420900 0.903450 0.361330 0.903450
0 0.452150 0.867590 0.510740 0.867590 0.510740 0.906210 0.452150 0.906210
0 0.539060 0.864830 0.597660 0.864830 0.597660 0.903450 0.539060 0.903450
0 0.625000 0.864830 0.683590 0.864830 0.683590 0.903450 0.625000 0.903450
0 0.714840 0.863450 0.774410 0.863450 0.774410 0.903450 0.714840 0.903450
0 0.716800 0.678620 0.775390 0.678620 0.775390 0.718620 0.716800 0.718620
0 0.808590 0.063448 0.879880 0.063448 0.879880 0.201380 0.808590 0.201380
0 0.807620 0.245520 0.879880 0.245520 0.879880 0.383450 0.807620 0.383450
0 0.811520 0.433100 0.883790 0.433100 0.883790 0.575170 0.811520 0.575170
0 0.811520 0.622070 0.878910 0.622070 0.878910 0.765520 0.811520 0.765520
0 0.808590 0.805520 0.875980 0.805520 0.875980 0.935170 0.808590 0.935170
1 0.946290 0.102070 0.999020 0.102070 0.999020 0.168280 0.946290 0.168280
