0 0.289740 0.117190 0.391030 0.117190 0.391030 0.157230 0.289740 0.157230
0 0.289740 0.176760 0.391030 0.176760 0.391030 0.214840 0.289740 0.214840
0 0.289740 0.268550 0.391030 0.268550 0.391030 0.307620 0.289740 0.307620
0 0.289740 0.327150 0.392310 0.327150 0.392310 0.366210 0.289740 0.366210
0 0.291030 0.416990 0.392310 0.416990 0.392310 0.456050 0.291030 0.456050
0 0.291030 0.474610 0.392310 0.474610 0.392310 0.513670 0.291030 0.513670
0 0.489740 0.121090 0.588460 0.121090 0.588460 0.159180 0.489740 0.159180
0 0.489740 0.176760 0.588460 0.176760 0.588460 0.213870 0.489740 0.213870
0 0.491030 0.271480 0.588460 0.271480 0.588460 0.308590 0.491030 0.308590
0 0.489740 0.327150 0.588460 0.327150 0.588460 0.364260 0.489740 0.364260
0 0.462820 0.424800 0.565380 0.424800 0.565380 0.456050 0.462820 0.456050
0 0.464100 0.461910 0.565380 0.461910 0.565380 0.492190 0.464100 0.492190
0 0.462820 0.498050 0.566670 0.498050 0.566670 0.529300 0.462820 0.529300
0 0.489740 0.567380 0.587180 0.567380 0.587180 0.605470 0.489740 0.605470
0 0.491030 0.623050 0.587180 0.623050 0.587180 0.660160 0.491030 0.660160
0 0.491030 0.716800 0.587180 0.716800 0.587180 0.754880 0.491030 0.754880
0 0.491030 0.770510 0.587180 0.770510 0.587180 0.809570 0.491030 0.809570
0 0.291030 0.565430 0.392310 0.565430 0.392310 0.604490 0.291030 0.604490
0 0.291030 0.623050 0.391030 0.623050 0.391030 0.663090 0.291030 0.663090
0 0.291030 0.716800 0.392310 0.716800 0.392310 0.754880 0.291030 0.754880
0 0.291030 0.772460 0.391030 0.772460 0.391030 0.811520 0.291030 0.811520
0 0.687180 0.567380 0.787180 0.567380 0.787180 0.605470 0.687180 0.605470
0 0.687180 0.621090 0.787180 0.621090 0.787180 0.660160 0.687180 0.660160
0 0.687180 0.716800 0.787180 0.716800 0.787180 0.754880 0.687180 0.754880
0 0.687180 0.770510 0.787180 0.770510 0.787180 0.808590 0.687180 0.808590
0 0.665380 0.425780 0.782050 0.425780 0.782050 0.471680 0.665380 0.471680
0 0.665380 0.481450 0.782050 0.481450 0.782050 0.529300 0.665380 0.529300
0 0.687180 0.326170 0.787180 0.326170 0.787180 0.365230 0.687180 0.365230
0 0.687180 0.271480 0.788460 0.271480 0.788460 0.310550 0.687180 0.310550
0 0.687180 0.175780 0.788460 0.175780 0.788460 0.213870 0.687180 0.213870
0 0.687180 0.119140 0.788460 0.119140 0.788460 0.159180 0.687180 0.159180
0 0.130770 0.898440 0.219230 0.898440 0.219230 0.952150 0.130770 0.952150
0 0.003846 0.905270 0.058974 0.905270 0.058974 0.947270 0.003846 0.947270
1 0.883330 0.418950 0.993590 0.418950 0.993590 0.514650 0.883330 0.514650
0 0.315380 0.903320 0.406410 0.903320 0.406410 0.943360 0.315380 0.943360
