1 0.847660 0.713540 0.956050 0.713540 0.956050 0.783850 0.847660 0.783850
0 0.751950 0.727860 0.812500 0.727860 0.812500 0.773440 0.751950 0.773440
0 0.748050 0.591150 0.821290 0.591150 0.821290 0.635420 0.748050 0.635420
0 0.748050 0.510420 0.821290 0.510420 0.821290 0.554690 0.748050 0.554690
0 0.748050 0.328120 0.821290 0.328120 0.821290 0.377600 0.748050 0.377600
0 0.251950 0.316410 0.333980 0.316410 0.333980 0.369790 0.251950 0.369790
0 0.577150 0.319010 0.658200 0.319010 0.658200 0.372400 0.577150 0.372400
0 0.415040 0.316410 0.496090 0.316410 0.496090 0.371090 0.415040 0.371090
0 0.599610 0.510420 0.671880 0.510420 0.671880 0.554690 0.599610 0.554690
0 0.600590 0.592450 0.671880 0.592450 0.671880 0.635420 0.600590 0.635420
0 0.449220 0.592450 0.522460 0.592450 0.522460 0.635420 0.449220 0.635420
0 0.449220 0.507810 0.522460 0.507810 0.522460 0.553390 0.449220 0.553390
0 0.600590 0.769530 0.672850 0.769530 0.672850 0.812500 0.600590 0.812500
0 0.599610 0.687500 0.672850 0.687500 0.672850 0.731770 0.599610 0.731770
0 0.449220 0.769530 0.522460 0.769530 0.522460 0.813800 0.449220 0.813800
0 0.448240 0.687500 0.522460 0.687500 0.522460 0.731770 0.448240 0.731770
0 0.297850 0.769530 0.371090 0.769530 0.371090 0.815100 0.297850 0.815100
0 0.297850 0.688800 0.371090 0.688800 0.371090 0.731770 0.297850 0.731770
0 0.150390 0.769530 0.218750 0.769530 0.218750 0.815100 0.150390 0.815100
0 0.150390 0.688800 0.219730 0.688800 0.219730 0.731770 0.150390 0.731770
0 0.297850 0.592450 0.371090 0.592450 0.371090 0.636720 0.297850 0.636720
0 0.296880 0.509110 0.371090 0.509110 0.371090 0.554690 0.296880 0.554690
0 0.150390 0.592450 0.218750 0.592450 0.218750 0.636720 0.150390 0.636720
0 0.150390 0.509110 0.218750 0.509110 0.218750 0.554690 0.150390 0.554690
0 0.148440 0.864580 0.217770 0.864580 0.217770 0.910160 0.148440 0.910160
0 0.148440 0.947920 0.216800 0.947920 0.216800 0.993490 0.148440 0.993490
0 0.297850 0.864580 0.371090 0.864580 0.371090 0.910160 0.297850 0.910160
0 0.447270 0.864580 0.523440 0.864580 0.523440 0.908850 0.447270 0.908850
0 0.599610 0.864580 0.671880 0.864580 0.671880 0.907550 0.599610 0.907550
0 0.747070 0.864580 0.819340 0.864580 0.819340 0.907550 0.747070 0.907550
0 0.145510 0.322920 0.166990 0.322920 0.166990 0.375000 0.145510 0.375000
1 0.891600 0.596350 0.953120 0.596350 0.953120 0.641930 0.891600 0.641930
1 0.893550 0.516930 0.952150 0.516930 0.952150 0.553390 0.893550 0.553390
0 0.892580 0.861980 0.964840 0.861980 0.964840 0.904950 0.892580 0.904950
