0 0.104490 0.111110 0.193360 0.111110 0.193360 0.168830 0.104490 0.168830
0 0.103520 0.360750 0.192380 0.360750 0.192380 0.417030 0.103520 0.417030
0 0.103520 0.607500 0.192380 0.607500 0.192380 0.665220 0.103520 0.665220
0 0.104490 0.861470 0.193360 0.861470 0.193360 0.917750 0.104490 0.917750
0 0.235350 0.099567 0.326170 0.099567 0.326170 0.176050 0.235350 0.176050
0 0.234380 0.347760 0.327150 0.347760 0.327150 0.427130 0.234380 0.427130
0 0.235350 0.597400 0.327150 0.597400 0.327150 0.678210 0.235350 0.678210
0 0.233400 0.851370 0.327150 0.851370 0.327150 0.927850 0.233400 0.927850
0 0.370120 0.090909 0.473630 0.090909 0.473630 0.178930 0.370120 0.178930
0 0.370120 0.346320 0.473630 0.346320 0.473630 0.430010 0.370120 0.430010
0 0.370120 0.597400 0.473630 0.597400 0.473630 0.679650 0.370120 0.679650
0 0.370120 0.848480 0.472660 0.848480 0.472660 0.930740 0.370120 0.930740
0 0.518550 0.093795 0.629880 0.093795 0.629880 0.178930 0.518550 0.178930
0 0.517580 0.347760 0.628910 0.347760 0.628910 0.427130 0.517580 0.427130
0 0.518550 0.595960 0.629880 0.595960 0.629880 0.676770 0.518550 0.676770
0 0.516600 0.845600 0.627930 0.845600 0.627930 0.927850 0.516600 0.927850
0 0.674800 0.350650 0.792970 0.350650 0.792970 0.428570 0.674800 0.428570
0 0.673830 0.096681 0.793950 0.096681 0.793950 0.177490 0.673830 0.177490
0 0.672850 0.598850 0.791990 0.598850 0.791990 0.675320 0.672850 0.675320
0 0.672850 0.849930 0.791020 0.849930 0.791020 0.926410 0.672850 0.926410
1 0.837890 0.440120 0.984380 0.440120 0.984380 0.585860 0.837890 0.585860
