0 0.117190 0.143420 0.209960 0.143420 0.209960 0.256580 0.117190 0.256580
0 0.117190 0.455260 0.209960 0.455260 0.209960 0.568420 0.117190 0.568420
0 0.119140 0.765790 0.211910 0.765790 0.211910 0.878950 0.119140 0.878950
0 0.268550 0.763160 0.370120 0.763160 0.370120 0.884210 0.268550 0.884210
0 0.268550 0.450000 0.369140 0.450000 0.369140 0.572370 0.268550 0.572370
0 0.269530 0.135530 0.371090 0.135530 0.371090 0.257890 0.269530 0.257890
0 0.429690 0.132890 0.542970 0.132890 0.542970 0.260530 0.429690 0.260530
0 0.431640 0.446050 0.544920 0.446050 0.544920 0.575000 0.431640 0.575000
0 0.428710 0.761840 0.543950 0.761840 0.543950 0.886840 0.428710 0.886840
0 0.600590 0.759210 0.721680 0.759210 0.721680 0.886840 0.600590 0.886840
0 0.602540 0.447370 0.723630 0.447370 0.723630 0.575000 0.602540 0.575000
0 0.603520 0.131580 0.724610 0.131580 0.724610 0.259210 0.603520 0.259210
1 0.792970 0.430260 0.988280 0.430260 0.988280 0.594740 0.792970 0.594740
1 0.844730 0.092105 0.986330 0.092105 0.986330 0.307890 0.844730 0.307890
0 0.055664 0.482890 0.073242 0.482890 0.073242 0.494740 0.055664 0.494740
0 0.056641 0.526320 0.073242 0.526320 0.073242 0.538160 0.056641 0.538160
0 0.056641 0.171050 0.073242 0.171050 0.073242 0.230260 0.056641 0.230260
0 0.057617 0.793420 0.074219 0.793420 0.074219 0.852630 0.057617 0.852630
