0 0.064453 0.068220 0.105470 0.068220 0.105470 0.116470 0.064453 0.116470
0 0.063477 0.133110 0.105470 0.133110 0.105470 0.181360 0.063477 0.181360
0 0.064453 0.256240 0.105470 0.256240 0.105470 0.302830 0.064453 0.302830
0 0.064453 0.321130 0.106450 0.321130 0.106450 0.369380 0.064453 0.369380
0 0.067383 0.881860 0.108400 0.881860 0.108400 0.930120 0.067383 0.930120
0 0.065430 0.816970 0.107420 0.816970 0.107420 0.865220 0.065430 0.865220
0 0.066406 0.693840 0.108400 0.693840 0.108400 0.742100 0.066406 0.742100
0 0.066406 0.630620 0.108400 0.630620 0.108400 0.678870 0.066406 0.678870
0 0.065430 0.509150 0.107420 0.509150 0.107420 0.557400 0.065430 0.557400
0 0.065430 0.442600 0.106450 0.442600 0.106450 0.490850 0.065430 0.490850
0 0.339840 0.068220 0.388670 0.068220 0.388670 0.118140 0.339840 0.118140
0 0.340820 0.134780 0.389650 0.134780 0.389650 0.186360 0.340820 0.186360
0 0.339840 0.252910 0.388670 0.252910 0.388670 0.304490 0.339840 0.304490
0 0.340820 0.321130 0.389650 0.321130 0.389650 0.372710 0.340820 0.372710
0 0.340820 0.439270 0.389650 0.439270 0.389650 0.490850 0.340820 0.490850
0 0.340820 0.509150 0.389650 0.509150 0.389650 0.559070 0.340820 0.559070
0 0.340820 0.625620 0.389650 0.625620 0.389650 0.677200 0.340820 0.677200
0 0.340820 0.693840 0.389650 0.693840 0.389650 0.745420 0.340820 0.745420
0 0.341800 0.813640 0.390620 0.813640 0.390620 0.865220 0.341800 0.865220
0 0.341800 0.883530 0.390620 0.883530 0.390620 0.933440 0.341800 0.933440
0 0.419920 0.883530 0.468750 0.883530 0.468750 0.935110 0.419920 0.935110
0 0.417970 0.813640 0.466800 0.813640 0.466800 0.865220 0.417970 0.865220
0 0.419920 0.693840 0.468750 0.693840 0.468750 0.745420 0.419920 0.745420
0 0.420900 0.625620 0.469730 0.625620 0.469730 0.677200 0.420900 0.677200
0 0.420900 0.509150 0.469730 0.509150 0.469730 0.560730 0.420900 0.560730
0 0.418950 0.440930 0.467770 0.440930 0.467770 0.490850 0.418950 0.490850
0 0.417970 0.322800 0.465820 0.322800 0.465820 0.374380 0.417970 0.374380
0 0.418950 0.254580 0.467770 0.254580 0.467770 0.304490 0.418950 0.304490
0 0.419920 0.136440 0.468750 0.136440 0.468750 0.186360 0.419920 0.186360
0 0.418950 0.069884 0.467770 0.069884 0.467770 0.119800 0.418950 0.119800
0 0.496090 0.068220 0.544920 0.068220 0.544920 0.118140 0.496090 0.118140
0 0.496090 0.138100 0.544920 0.138100 0.544920 0.189680 0.496090 0.189680
0 0.497070 0.254580 0.545900 0.254580 0.545900 0.304490 0.497070 0.304490
0 0.498050 0.326120 0.546880 0.326120 0.546880 0.377700 0.498050 0.377700
0 0.498050 0.442600 0.546880 0.442600 0.546880 0.492510 0.498050 0.492510
0 0.498050 0.509150 0.545900 0.509150 0.545900 0.560730 0.498050 0.560730
0 0.496090 0.627290 0.544920 0.627290 0.544920 0.678870 0.496090 0.678870
0 0.498050 0.695510 0.545900 0.695510 0.545900 0.747090 0.498050 0.747090
0 0.499020 0.813640 0.546880 0.813640 0.546880 0.865220 0.499020 0.865220
0 0.498050 0.880200 0.546880 0.880200 0.546880 0.931780 0.498050 0.931780
0 0.577150 0.881860 0.625980 0.881860 0.625980 0.933440 0.577150 0.933440
0 0.575200 0.810320 0.624020 0.810320 0.624020 0.861900 0.575200 0.861900
0 0.576170 0.693840 0.625000 0.693840 0.625000 0.745420 0.576170 0.745420
0 0.576170 0.625620 0.625000 0.625620 0.625000 0.677200 0.576170 0.677200
0 0.577150 0.505820 0.625000 0.505820 0.625000 0.557400 0.577150 0.557400
0 0.575200 0.440930 0.624020 0.440930 0.624020 0.490850 0.575200 0.490850
0 0.575200 0.322800 0.624020 0.322800 0.624020 0.374380 0.575200 0.374380
0 0.576170 0.252910 0.625000 0.252910 0.625000 0.304490 0.576170 0.304490
0 0.575200 0.136440 0.624020 0.136440 0.624020 0.188020 0.575200 0.188020
0 0.574220 0.064892 0.623050 0.064892 0.623050 0.116470 0.574220 0.116470
0 0.655270 0.066556 0.703120 0.066556 0.703120 0.116470 0.655270 0.116470
0 0.654300 0.136440 0.703120 0.136440 0.703120 0.186360 0.654300 0.186360
0 0.655270 0.256240 0.703120 0.256240 0.703120 0.306160 0.655270 0.306160
0 0.655270 0.322800 0.703120 0.322800 0.703120 0.374380 0.655270 0.374380
0 0.653320 0.439270 0.702150 0.439270 0.702150 0.490850 0.653320 0.490850
0 0.655270 0.509150 0.703120 0.509150 0.703120 0.559070 0.655270 0.559070
0 0.655270 0.625620 0.703120 0.625620 0.703120 0.677200 0.655270 0.677200
0 0.656250 0.697170 0.705080 0.697170 0.705080 0.747090 0.656250 0.747090
0 0.656250 0.815310 0.705080 0.815310 0.705080 0.865220 0.656250 0.865220
0 0.656250 0.883530 0.705080 0.883530 0.705080 0.935110 0.656250 0.935110
0 0.733400 0.883530 0.782230 0.883530 0.782230 0.935110 0.733400 0.935110
0 0.732420 0.815310 0.781250 0.815310 0.781250 0.866890 0.732420 0.866890
0 0.732420 0.068220 0.781250 0.068220 0.781250 0.119800 0.732420 0.119800
0 0.731450 0.136440 0.780270 0.136440 0.780270 0.188020 0.731450 0.188020
0 0.731450 0.256240 0.780270 0.256240 0.780270 0.307820 0.731450 0.307820
0 0.733400 0.326120 0.782230 0.326120 0.782230 0.376040 0.733400 0.376040
0 0.732420 0.439270 0.781250 0.439270 0.781250 0.489180 0.732420 0.489180
0 0.732420 0.509150 0.781250 0.509150 0.781250 0.559070 0.732420 0.559070
0 0.734380 0.628950 0.782230 0.628950 0.782230 0.678870 0.734380 0.678870
0 0.734380 0.692180 0.782230 0.692180 0.782230 0.743760 0.734380 0.743760
0 0.827150 0.058236 0.866210 0.058236 0.866210 0.196340 0.827150 0.196340
0 0.826170 0.246260 0.866210 0.246260 0.866210 0.386020 0.826170 0.386020
0 0.172850 0.432610 0.235350 0.432610 0.235350 0.567390 0.172850 0.567390
0 0.169920 0.056572 0.232420 0.056572 0.232420 0.193010 0.169920 0.193010
0 0.171880 0.246260 0.235350 0.246260 0.235350 0.382700 0.171880 0.382700
0 0.171880 0.617300 0.234380 0.617300 0.234380 0.753740 0.171880 0.753740
0 0.172850 0.805320 0.235350 0.805320 0.235350 0.940100 0.172850 0.940100
0 0.264650 0.805320 0.305660 0.805320 0.305660 0.936770 0.264650 0.936770
0 0.264650 0.620630 0.305660 0.620630 0.305660 0.750420 0.264650 0.750420
0 0.265620 0.434280 0.306640 0.434280 0.306640 0.565720 0.265620 0.565720
0 0.264650 0.251250 0.305660 0.251250 0.305660 0.382700 0.264650 0.382700
0 0.262700 0.061564 0.303710 0.061564 0.303710 0.191350 0.262700 0.191350
