0 0.337860 0.062500 0.423340 0.062500 0.423340 0.103520 0.337860 0.103520
0 0.183180 0.203120 0.276800 0.203120 0.276800 0.243160 0.183180 0.243160
0 0.183180 0.285160 0.276800 0.285160 0.276800 0.326170 0.183180 0.326170
0 0.183180 0.367190 0.276800 0.367190 0.276800 0.408200 0.183180 0.408200
0 0.184530 0.451170 0.276800 0.451170 0.276800 0.492190 0.184530 0.492190
0 0.184530 0.535160 0.278150 0.535160 0.278150 0.575200 0.184530 0.575200
0 0.181820 0.620120 0.278150 0.620120 0.278150 0.661130 0.181820 0.661130
0 0.180460 0.702150 0.276800 0.702150 0.276800 0.742190 0.180460 0.742190
0 0.358210 0.204100 0.459970 0.204100 0.459970 0.244140 0.358210 0.244140
0 0.356850 0.286130 0.459970 0.286130 0.459970 0.326170 0.356850 0.326170
0 0.356850 0.368160 0.458620 0.368160 0.458620 0.409180 0.356850 0.409180
0 0.356850 0.451170 0.458620 0.451170 0.458620 0.492190 0.356850 0.492190
0 0.358210 0.534180 0.459970 0.534180 0.459970 0.575200 0.358210 0.575200
0 0.355500 0.620120 0.457260 0.620120 0.457260 0.660160 0.355500 0.660160
0 0.356850 0.702150 0.458620 0.702150 0.458620 0.743160 0.356850 0.743160
0 0.556310 0.203120 0.659430 0.203120 0.659430 0.244140 0.556310 0.244140
0 0.554950 0.285160 0.659430 0.285160 0.659430 0.326170 0.554950 0.326170
0 0.557670 0.367190 0.660790 0.367190 0.660790 0.408200 0.557670 0.408200
0 0.557670 0.451170 0.662140 0.451170 0.662140 0.492190 0.557670 0.492190
0 0.559020 0.534180 0.662140 0.534180 0.662140 0.574220 0.559020 0.574220
0 0.556310 0.618160 0.660790 0.618160 0.660790 0.659180 0.556310 0.659180
0 0.556310 0.701170 0.660790 0.701170 0.660790 0.742190 0.556310 0.742190
0 0.516960 0.061523 0.613300 0.061523 0.613300 0.110350 0.516960 0.110350
1 0.746270 0.366210 0.890090 0.366210 0.890090 0.411130 0.746270 0.411130
1 0.747630 0.614260 0.890090 0.614260 0.890090 0.660160 0.747630 0.660160
