0 0.335940 0.253910 0.403320 0.253910 0.403320 0.303390 0.335940 0.303390
0 0.334960 0.320310 0.401370 0.320310 0.401370 0.368490 0.334960 0.368490
0 0.471680 0.274740 0.539060 0.274740 0.539060 0.354170 0.471680 0.354170
0 0.343750 0.497400 0.410160 0.497400 0.410160 0.565100 0.343750 0.565100
0 0.345700 0.614580 0.411130 0.614580 0.411130 0.664060 0.345700 0.664060
0 0.345700 0.678390 0.411130 0.678390 0.411130 0.726560 0.345700 0.726560
0 0.479490 0.679690 0.546880 0.679690 0.546880 0.727860 0.479490 0.727860
0 0.478520 0.617190 0.545900 0.617190 0.545900 0.665360 0.478520 0.665360
0 0.477540 0.501300 0.543950 0.501300 0.543950 0.566410 0.477540 0.566410
0 0.609380 0.503910 0.675780 0.503910 0.675780 0.570310 0.609380 0.570310
0 0.748050 0.511720 0.814450 0.511720 0.814450 0.576820 0.748050 0.576820
0 0.610350 0.619790 0.675780 0.619790 0.675780 0.666670 0.610350 0.666670
0 0.610350 0.683590 0.677730 0.683590 0.677730 0.730470 0.610350 0.730470
0 0.750000 0.630210 0.817380 0.630210 0.817380 0.673180 0.750000 0.673180
0 0.749020 0.687500 0.816410 0.687500 0.816410 0.730470 0.749020 0.730470
0 0.875980 0.634110 0.941410 0.634110 0.941410 0.677080 0.875980 0.677080
0 0.875980 0.687500 0.942380 0.687500 0.942380 0.731770 0.875980 0.731770
0 0.874020 0.515620 0.939450 0.515620 0.939450 0.580730 0.874020 0.580730
0 0.868160 0.302080 0.926760 0.302080 0.926760 0.378910 0.868160 0.378910
0 0.747070 0.290360 0.813480 0.290360 0.813480 0.378910 0.747070 0.378910
0 0.605470 0.277340 0.671880 0.277340 0.671880 0.358070 0.605470 0.358070
0 0.346680 0.785160 0.413090 0.785160 0.413090 0.834640 0.346680 0.834640
0 0.347660 0.848960 0.414060 0.848960 0.414060 0.898440 0.347660 0.898440
0 0.481450 0.789060 0.546880 0.789060 0.546880 0.837240 0.481450 0.837240
0 0.481450 0.851560 0.546880 0.851560 0.546880 0.901040 0.481450 0.901040
0 0.611330 0.789060 0.677730 0.789060 0.677730 0.837240 0.611330 0.837240
0 0.612300 0.851560 0.677730 0.851560 0.677730 0.901040 0.612300 0.901040
0 0.750980 0.799480 0.816410 0.799480 0.816410 0.842450 0.750980 0.842450
0 0.751950 0.855470 0.817380 0.855470 0.817380 0.898440 0.751950 0.898440
0 0.876950 0.800780 0.942380 0.800780 0.942380 0.842450 0.876950 0.842450
0 0.866210 0.278650 0.929690 0.278650 0.929690 0.296880 0.866210 0.296880
0 0.869140 0.382810 0.931640 0.382810 0.931640 0.390620 0.869140 0.390620
