0 0.408510 0.283200 0.503870 0.283200 0.503870 0.335940 0.408510 0.335940
0 0.407220 0.387700 0.503870 0.387700 0.503870 0.440430 0.407220 0.440430
0 0.408510 0.491210 0.503870 0.491210 0.503870 0.543950 0.408510 0.543950
0 0.409790 0.648440 0.506440 0.648440 0.506440 0.701170 0.409790 0.701170
0 0.409790 0.775390 0.506440 0.775390 0.506440 0.828120 0.409790 0.828120
0 0.614690 0.277340 0.729380 0.277340 0.729380 0.341800 0.614690 0.341800
0 0.614690 0.380860 0.728090 0.380860 0.728090 0.445310 0.614690 0.445310
0 0.613400 0.481450 0.728090 0.481450 0.728090 0.545900 0.613400 0.545900
0 0.613400 0.643550 0.728090 0.643550 0.728090 0.708010 0.613400 0.708010
0 0.613400 0.773440 0.728090 0.773440 0.728090 0.837890 0.613400 0.837890
0 0.376290 0.089844 0.492270 0.089844 0.492270 0.153320 0.376290 0.153320
0 0.609540 0.089844 0.730670 0.089844 0.730670 0.153320 0.609540 0.153320
