0 0.071289 0.077441 0.107420 0.077441 0.107420 0.309760 0.071289 0.309760
0 0.071289 0.390570 0.107420 0.390570 0.107420 0.622900 0.071289 0.622900
0 0.072266 0.710440 0.107420 0.710440 0.107420 0.942760 0.072266 0.942760
0 0.129880 0.710440 0.165040 0.710440 0.165040 0.939390 0.129880 0.939390
0 0.127930 0.393940 0.164060 0.393940 0.164060 0.626260 0.127930 0.626260
0 0.128910 0.074074 0.165040 0.074074 0.165040 0.306400 0.128910 0.306400
0 0.184570 0.077441 0.211910 0.077441 0.211910 0.309760 0.184570 0.309760
0 0.184570 0.393940 0.211910 0.393940 0.211910 0.626260 0.184570 0.626260
0 0.185550 0.713800 0.212890 0.713800 0.212890 0.946130 0.185550 0.946130
0 0.236330 0.730640 0.279300 0.730640 0.279300 0.962960 0.236330 0.962960
0 0.297850 0.734010 0.337890 0.734010 0.337890 0.959600 0.297850 0.959600
0 0.357420 0.734010 0.397460 0.734010 0.397460 0.959600 0.357420 0.959600
0 0.416990 0.737370 0.457030 0.737370 0.457030 0.962960 0.416990 0.962960
0 0.475590 0.734010 0.515620 0.734010 0.515620 0.959600 0.475590 0.959600
0 0.533200 0.734010 0.573240 0.734010 0.573240 0.959600 0.533200 0.959600
0 0.592770 0.734010 0.632810 0.734010 0.632810 0.959600 0.592770 0.959600
0 0.651370 0.730640 0.691410 0.730640 0.691410 0.956230 0.651370 0.956230
0 0.707030 0.720540 0.747070 0.720540 0.747070 0.949490 0.707030 0.949490
0 0.766600 0.727270 0.806640 0.727270 0.806640 0.952860 0.766600 0.952860
0 0.234380 0.090909 0.273440 0.090909 0.273440 0.168350 0.234380 0.168350
0 0.235350 0.252530 0.273440 0.252530 0.273440 0.329970 0.235350 0.329970
0 0.236330 0.410770 0.274410 0.410770 0.274410 0.488220 0.236330 0.488220
0 0.236330 0.575760 0.274410 0.575760 0.274410 0.653200 0.236330 0.653200
0 0.292970 0.094276 0.331050 0.094276 0.331050 0.171720 0.292970 0.171720
0 0.292970 0.252530 0.331050 0.252530 0.331050 0.329970 0.292970 0.329970
0 0.292970 0.414140 0.332030 0.414140 0.332030 0.491580 0.292970 0.491580
0 0.293950 0.575760 0.332030 0.575760 0.332030 0.653200 0.293950 0.653200
0 0.351560 0.094276 0.389650 0.094276 0.389650 0.171720 0.351560 0.171720
0 0.352540 0.252530 0.390620 0.252530 0.390620 0.329970 0.352540 0.329970
0 0.351560 0.414140 0.389650 0.414140 0.389650 0.491580 0.351560 0.491580
0 0.352540 0.575760 0.390620 0.575760 0.390620 0.653200 0.352540 0.653200
0 0.412110 0.575760 0.450200 0.575760 0.450200 0.653200 0.412110 0.653200
0 0.412110 0.414140 0.451170 0.414140 0.451170 0.491580 0.412110 0.491580
0 0.411130 0.255890 0.450200 0.255890 0.450200 0.333330 0.411130 0.333330
0 0.410160 0.094276 0.449220 0.094276 0.449220 0.171720 0.410160 0.171720
0 0.468750 0.090909 0.507810 0.090909 0.507810 0.168350 0.468750 0.168350
0 0.471680 0.255890 0.509770 0.255890 0.509770 0.333330 0.471680 0.333330
0 0.471680 0.417510 0.509770 0.417510 0.509770 0.494950 0.471680 0.494950
0 0.472660 0.572390 0.511720 0.572390 0.511720 0.649830 0.472660 0.649830
0 0.530270 0.575760 0.569340 0.575760 0.569340 0.653200 0.530270 0.653200
0 0.530270 0.414140 0.568360 0.414140 0.568360 0.491580 0.530270 0.491580
0 0.529300 0.252530 0.568360 0.252530 0.568360 0.329970 0.529300 0.329970
0 0.528320 0.094276 0.567380 0.094276 0.567380 0.171720 0.528320 0.171720
0 0.587890 0.097643 0.626950 0.097643 0.626950 0.175080 0.587890 0.175080
0 0.588870 0.255890 0.626950 0.255890 0.626950 0.333330 0.588870 0.333330
0 0.589840 0.417510 0.628910 0.417510 0.628910 0.494950 0.589840 0.494950
0 0.588870 0.579120 0.627930 0.579120 0.627930 0.656570 0.588870 0.656570
0 0.648440 0.575760 0.686520 0.575760 0.686520 0.653200 0.648440 0.653200
0 0.648440 0.417510 0.686520 0.417510 0.686520 0.494950 0.648440 0.494950
0 0.646480 0.252530 0.685550 0.252530 0.685550 0.329970 0.646480 0.329970
0 0.646480 0.097643 0.684570 0.097643 0.684570 0.175080 0.646480 0.175080
0 0.704100 0.097643 0.742190 0.097643 0.742190 0.175080 0.704100 0.175080
0 0.705080 0.255890 0.743160 0.255890 0.743160 0.333330 0.705080 0.333330
0 0.706050 0.414140 0.744140 0.414140 0.744140 0.491580 0.706050 0.491580
0 0.706050 0.569020 0.745120 0.569020 0.745120 0.646460 0.706050 0.646460
0 0.763670 0.575760 0.802730 0.575760 0.802730 0.653200 0.763670 0.653200
0 0.763670 0.414140 0.801760 0.414140 0.801760 0.491580 0.763670 0.491580
0 0.762700 0.259260 0.801760 0.259260 0.801760 0.336700 0.762700 0.336700
0 0.761720 0.097643 0.800780 0.097643 0.800780 0.175080 0.761720 0.175080
0 0.822270 0.101010 0.863280 0.101010 0.863280 0.329970 0.822270 0.329970
0 0.875000 0.101010 0.915040 0.101010 0.915040 0.329970 0.875000 0.329970
