0 0.123050 0.081988 0.170900 0.081988 0.170900 0.139130 0.123050 0.139130
0 0.128910 0.150310 0.167970 0.150310 0.167970 0.177640 0.128910 0.177640
0 0.130860 0.043478 0.170900 0.043478 0.170900 0.072050 0.130860 0.072050
0 0.127930 0.234780 0.167970 0.234780 0.167970 0.263350 0.127930 0.263350
0 0.128910 0.345340 0.168950 0.345340 0.168950 0.373910 0.128910 0.373910
0 0.125980 0.428570 0.167970 0.428570 0.167970 0.463350 0.125980 0.463350
0 0.125980 0.536650 0.168950 0.536650 0.168950 0.571430 0.125980 0.571430
0 0.132810 0.920500 0.174800 0.920500 0.174800 0.956520 0.132810 0.956520
0 0.129880 0.814910 0.171880 0.814910 0.171880 0.849690 0.129880 0.849690
0 0.126950 0.731680 0.168950 0.731680 0.168950 0.766460 0.126950 0.766460
0 0.125000 0.621120 0.167970 0.621120 0.167970 0.657140 0.125000 0.657140
0 0.118160 0.273290 0.166990 0.273290 0.166990 0.331680 0.118160 0.331680
0 0.117190 0.469570 0.166990 0.469570 0.166990 0.534160 0.117190 0.534160
0 0.123050 0.852170 0.173830 0.852170 0.173830 0.916770 0.123050 0.916770
0 0.118160 0.660870 0.168950 0.660870 0.168950 0.725470 0.118160 0.725470
0 0.201170 0.037267 0.252930 0.037267 0.252930 0.178880 0.201170 0.178880
0 0.283200 0.038509 0.335940 0.038509 0.335940 0.181370 0.283200 0.181370
0 0.200200 0.231060 0.250000 0.231060 0.250000 0.378880 0.200200 0.378880
0 0.283200 0.231060 0.333980 0.231060 0.333980 0.377640 0.283200 0.377640
0 0.200200 0.428570 0.250980 0.428570 0.250980 0.575160 0.200200 0.575160
0 0.201170 0.624840 0.251950 0.624840 0.251950 0.771430 0.201170 0.771430
0 0.205080 0.817390 0.255860 0.817390 0.255860 0.965220 0.205080 0.965220
0 0.282230 0.429810 0.333010 0.429810 0.333010 0.576400 0.282230 0.576400
0 0.285160 0.626090 0.335940 0.626090 0.335940 0.772670 0.285160 0.772670
0 0.288090 0.823600 0.338870 0.823600 0.338870 0.971430 0.288090 0.971430
0 0.370120 0.822360 0.422850 0.822360 0.422850 0.966460 0.370120 0.966460
0 0.368160 0.628570 0.421880 0.628570 0.421880 0.772670 0.368160 0.772670
0 0.367190 0.429810 0.418950 0.429810 0.418950 0.578880 0.367190 0.578880
0 0.368160 0.228570 0.419920 0.228570 0.419920 0.376400 0.368160 0.376400
0 0.370120 0.032298 0.421880 0.032298 0.421880 0.181370 0.370120 0.181370
0 0.453120 0.032298 0.504880 0.032298 0.504880 0.181370 0.453120 0.181370
0 0.538090 0.031056 0.589840 0.031056 0.589840 0.180120 0.538090 0.180120
0 0.624020 0.034783 0.675780 0.034783 0.675780 0.182610 0.624020 0.182610
0 0.708010 0.036025 0.759770 0.036025 0.759770 0.183850 0.708010 0.183850
0 0.453120 0.228570 0.504880 0.228570 0.504880 0.377640 0.453120 0.377640
0 0.538090 0.228570 0.589840 0.228570 0.589840 0.377640 0.538090 0.377640
0 0.625000 0.233540 0.676760 0.233540 0.676760 0.382610 0.625000 0.382610
0 0.709960 0.232300 0.761720 0.232300 0.761720 0.381370 0.709960 0.381370
0 0.710940 0.428570 0.762700 0.428570 0.762700 0.577640 0.710940 0.577640
0 0.625980 0.428570 0.677730 0.428570 0.677730 0.577640 0.625980 0.577640
0 0.537110 0.432300 0.589840 0.432300 0.589840 0.580120 0.537110 0.580120
0 0.453120 0.429810 0.504880 0.429810 0.504880 0.578880 0.453120 0.578880
0 0.454100 0.624840 0.505860 0.624840 0.505860 0.773910 0.454100 0.773910
0 0.457030 0.821120 0.508790 0.821120 0.508790 0.968940 0.457030 0.968940
0 0.540040 0.823600 0.591800 0.823600 0.591800 0.972670 0.540040 0.972670
0 0.540040 0.628570 0.591800 0.628570 0.591800 0.776400 0.540040 0.776400
0 0.625000 0.629810 0.676760 0.629810 0.676760 0.778880 0.625000 0.778880
0 0.626950 0.821120 0.678710 0.821120 0.678710 0.968940 0.626950 0.968940
0 0.710940 0.816150 0.763670 0.816150 0.763670 0.965220 0.710940 0.965220
0 0.710940 0.628570 0.762700 0.628570 0.762700 0.777640 0.710940 0.777640
0 0.797850 0.234780 0.859380 0.234780 0.859380 0.381370 0.797850 0.381370
0 0.799800 0.634780 0.861330 0.634780 0.861330 0.781370 0.799800 0.781370
0 0.797850 0.424840 0.854490 0.424840 0.854490 0.587580 0.797850 0.587580
