0 0.194340 0.080967 0.293950 0.080967 0.293950 0.156680 0.194340 0.156680
0 0.191410 0.250260 0.291020 0.250260 0.291020 0.325970 0.191410 0.325970
0 0.191410 0.416400 0.291020 0.416400 0.291020 0.493170 0.191410 0.493170
0 0.192380 0.583600 0.291990 0.583600 0.291990 0.659310 0.192380 0.659310
0 0.196290 0.747630 0.295900 0.747630 0.295900 0.823340 0.196290 0.823340
0 0.383790 0.078864 0.520510 0.078864 0.520510 0.154570 0.383790 0.154570
0 0.380860 0.248160 0.518550 0.248160 0.518550 0.324920 0.380860 0.324920
0 0.379880 0.419560 0.517580 0.419560 0.517580 0.495270 0.379880 0.495270
0 0.380860 0.583600 0.518550 0.583600 0.518550 0.659310 0.380860 0.659310
0 0.381840 0.747630 0.519530 0.747630 0.519530 0.823340 0.381840 0.823340
0 0.611330 0.082019 0.725590 0.082019 0.725590 0.165090 0.611330 0.165090
0 0.609380 0.249210 0.723630 0.249210 0.723630 0.332280 0.609380 0.332280
0 0.609380 0.414300 0.723630 0.414300 0.723630 0.497370 0.609380 0.497370
0 0.604490 0.580440 0.718750 0.580440 0.718750 0.663510 0.604490 0.663510
0 0.602540 0.740270 0.716800 0.740270 0.716800 0.823340 0.602540 0.823340
0 0.174800 0.915880 0.282230 0.915880 0.282230 0.975810 0.174800 0.975810
0 0.390620 0.914830 0.507810 0.914830 0.507810 0.974760 0.390620 0.974760
0 0.608400 0.911670 0.712890 0.911670 0.712890 0.971610 0.608400 0.971610
1 0.834960 0.422710 0.960940 0.422710 0.960940 0.496320 0.834960 0.496320
