0 0.171880 0.095703 0.278410 0.095703 0.278410 0.138670 0.171880 0.138670
0 0.167610 0.199220 0.274150 0.199220 0.274150 0.242190 0.167610 0.242190
0 0.166190 0.305660 0.272730 0.305660 0.272730 0.348630 0.166190 0.348630
0 0.160510 0.418950 0.267050 0.418950 0.267050 0.461910 0.160510 0.461910
0 0.154830 0.596680 0.261360 0.596680 0.261360 0.644530 0.154830 0.644530
0 0.169030 0.768550 0.275570 0.768550 0.275570 0.811520 0.169030 0.811520
0 0.178980 0.874020 0.284090 0.874020 0.284090 0.916990 0.178980 0.916990
0 0.352270 0.096680 0.480110 0.096680 0.480110 0.137700 0.352270 0.137700
0 0.350850 0.199220 0.478690 0.199220 0.478690 0.240230 0.350850 0.240230
0 0.352270 0.306640 0.480110 0.306640 0.480110 0.347660 0.352270 0.347660
0 0.343750 0.419920 0.478690 0.419920 0.478690 0.463870 0.343750 0.463870
0 0.345170 0.597660 0.474430 0.597660 0.474430 0.647460 0.345170 0.647460
0 0.353690 0.773440 0.481530 0.773440 0.481530 0.813480 0.353690 0.813480
0 0.359380 0.875000 0.487220 0.875000 0.487220 0.915040 0.359380 0.915040
0 0.555400 0.100590 0.646310 0.100590 0.646310 0.142580 0.555400 0.142580
0 0.556820 0.201170 0.647730 0.201170 0.647730 0.243160 0.556820 0.243160
0 0.559660 0.305660 0.649150 0.305660 0.649150 0.348630 0.559660 0.348630
0 0.556820 0.421880 0.647730 0.421880 0.647730 0.463870 0.556820 0.463870
0 0.558240 0.770510 0.647730 0.770510 0.647730 0.813480 0.558240 0.813480
0 0.561080 0.874020 0.650570 0.874020 0.650570 0.916020 0.561080 0.916020
1 0.735800 0.211910 0.855110 0.211910 0.855110 0.245120 0.735800 0.245120
0 0.718750 0.745120 0.839490 0.745120 0.839490 0.836910 0.718750 0.836910
