0 0.279300 0.057441 0.311520 0.057441 0.311520 0.125330 0.279300 0.125330
0 0.333980 0.060052 0.365230 0.060052 0.365230 0.127940 0.333980 0.127940
0 0.396480 0.057441 0.427730 0.057441 0.427730 0.125330 0.396480 0.125330
0 0.451170 0.057441 0.482420 0.057441 0.482420 0.125330 0.451170 0.125330
0 0.506840 0.060052 0.538090 0.060052 0.538090 0.127940 0.506840 0.127940
0 0.560550 0.057441 0.592770 0.057441 0.592770 0.125330 0.560550 0.125330
0 0.616210 0.054830 0.647460 0.054830 0.647460 0.122720 0.616210 0.122720
0 0.670900 0.057441 0.702150 0.057441 0.702150 0.125330 0.670900 0.125330
0 0.730470 0.060052 0.767580 0.060052 0.767580 0.125330 0.730470 0.125330
0 0.225590 0.060052 0.256840 0.060052 0.256840 0.122720 0.225590 0.122720
0 0.222660 0.297650 0.255860 0.297650 0.255860 0.365540 0.222660 0.365540
0 0.223630 0.464750 0.255860 0.464750 0.255860 0.532640 0.223630 0.532640
0 0.222660 0.629240 0.255860 0.629240 0.255860 0.699740 0.222660 0.699740
0 0.228520 0.866840 0.260740 0.866840 0.260740 0.934730 0.228520 0.934730
0 0.279300 0.297650 0.311520 0.297650 0.311520 0.365540 0.279300 0.365540
0 0.277340 0.464750 0.310550 0.464750 0.310550 0.535250 0.277340 0.535250
0 0.278320 0.626630 0.311520 0.626630 0.311520 0.697130 0.278320 0.697130
0 0.281250 0.864230 0.314450 0.864230 0.314450 0.932110 0.281250 0.932110
0 0.336910 0.866840 0.370120 0.866840 0.370120 0.937340 0.336910 0.937340
0 0.332030 0.626630 0.365230 0.626630 0.365230 0.697130 0.332030 0.697130
0 0.332030 0.462140 0.365230 0.462140 0.365230 0.532640 0.332030 0.532640
0 0.332030 0.297650 0.365230 0.297650 0.365230 0.368150 0.332030 0.368150
0 0.394530 0.297650 0.426760 0.297650 0.426760 0.365540 0.394530 0.365540
0 0.394530 0.464750 0.426760 0.464750 0.426760 0.535250 0.394530 0.535250
0 0.394530 0.629240 0.427730 0.629240 0.427730 0.699740 0.394530 0.699740
0 0.396480 0.864230 0.429690 0.864230 0.429690 0.932110 0.396480 0.932110
0 0.452150 0.864230 0.485350 0.864230 0.485350 0.934730 0.452150 0.934730
0 0.449220 0.629240 0.482420 0.629240 0.482420 0.699740 0.449220 0.699740
0 0.449220 0.464750 0.481450 0.464750 0.481450 0.532640 0.449220 0.532640
0 0.449220 0.297650 0.482420 0.297650 0.482420 0.368150 0.449220 0.368150
0 0.503910 0.297650 0.536130 0.297650 0.536130 0.365540 0.503910 0.365540
0 0.503910 0.467360 0.536130 0.467360 0.536130 0.535250 0.503910 0.535250
0 0.504880 0.629240 0.538090 0.629240 0.538090 0.697130 0.504880 0.697130
0 0.506840 0.864230 0.540040 0.864230 0.540040 0.932110 0.506840 0.932110
0 0.560550 0.866840 0.593750 0.866840 0.593750 0.937340 0.560550 0.937340
0 0.559570 0.629240 0.592770 0.629240 0.592770 0.699740 0.559570 0.699740
0 0.558590 0.464750 0.591800 0.464750 0.591800 0.535250 0.558590 0.535250
0 0.559570 0.300260 0.592770 0.300260 0.592770 0.370760 0.559570 0.370760
0 0.614260 0.297650 0.647460 0.297650 0.647460 0.365540 0.614260 0.365540
0 0.614260 0.464750 0.647460 0.464750 0.647460 0.532640 0.614260 0.532640
0 0.612300 0.629240 0.645510 0.629240 0.645510 0.699740 0.612300 0.699740
0 0.615230 0.864230 0.648440 0.864230 0.648440 0.932110 0.615230 0.932110
0 0.668950 0.864230 0.702150 0.864230 0.702150 0.934730 0.668950 0.934730
0 0.668950 0.629240 0.701170 0.629240 0.701170 0.699740 0.668950 0.699740
0 0.667970 0.462140 0.701170 0.462140 0.701170 0.532640 0.667970 0.532640
0 0.669920 0.297650 0.703120 0.297650 0.703120 0.365540 0.669920 0.365540
0 0.730470 0.866840 0.767580 0.866840 0.767580 0.932110 0.730470 0.932110
0 0.728520 0.629240 0.773440 0.629240 0.773440 0.697130 0.728520 0.697130
0 0.730470 0.462140 0.775390 0.462140 0.775390 0.532640 0.730470 0.532640
0 0.065430 0.268930 0.125980 0.268930 0.125980 0.389030 0.065430 0.389030
0 0.065430 0.438640 0.126950 0.438640 0.126950 0.561360 0.065430 0.561360
0 0.065430 0.608360 0.126950 0.608360 0.126950 0.725850 0.065430 0.725850
0 0.139650 0.603130 0.193360 0.603130 0.193360 0.723240 0.139650 0.723240
0 0.141600 0.430810 0.193360 0.430810 0.193360 0.556140 0.141600 0.556140
0 0.138670 0.268930 0.193360 0.268930 0.193360 0.389030 0.138670 0.389030
0 0.112300 0.830290 0.166020 0.830290 0.166020 0.916450 0.112300 0.916450
0 0.173830 0.825070 0.196290 0.825070 0.196290 0.916450 0.173830 0.916450
0 0.167970 0.060052 0.193360 0.060052 0.193360 0.172320 0.167970 0.172320
0 0.108400 0.057441 0.160160 0.057441 0.160160 0.167100 0.108400 0.167100
0 0.797850 0.039164 0.831050 0.039164 0.831050 0.140990 0.797850 0.140990
0 0.796880 0.856400 0.829100 0.856400 0.829100 0.955610 0.796880 0.955610
