0 0.209960 0.834310 0.260740 0.834310 0.260740 0.883670 0.209960 0.883670
0 0.209960 0.648650 0.260740 0.648650 0.260740 0.698000 0.209960 0.698000
0 0.209960 0.453580 0.260740 0.453580 0.260740 0.502940 0.209960 0.502940
0 0.213870 0.260870 0.264650 0.260870 0.264650 0.310220 0.213870 0.310220
0 0.219730 0.078731 0.270510 0.078731 0.270510 0.128080 0.219730 0.128080
0 0.322270 0.840190 0.402340 0.840190 0.402340 0.886020 0.322270 0.886020
0 0.320310 0.652170 0.400390 0.652170 0.400390 0.696830 0.320310 0.696830
0 0.322270 0.455930 0.402340 0.455930 0.402340 0.500590 0.322270 0.500590
0 0.325200 0.262040 0.405270 0.262040 0.405270 0.306700 0.325200 0.306700
0 0.329100 0.077556 0.409180 0.077556 0.409180 0.122210 0.329100 0.122210
0 0.469730 0.259690 0.544920 0.259690 0.544920 0.306700 0.469730 0.306700
0 0.467770 0.452410 0.542970 0.452410 0.542970 0.499410 0.467770 0.499410
0 0.472660 0.074031 0.547850 0.074031 0.547850 0.122210 0.472660 0.122210
0 0.468750 0.652170 0.541020 0.652170 0.541020 0.700350 0.468750 0.700350
0 0.466800 0.837840 0.541990 0.837840 0.541990 0.886020 0.466800 0.886020
0 0.608400 0.645120 0.701170 0.645120 0.701170 0.701530 0.608400 0.701530
0 0.608400 0.836660 0.702150 0.836660 0.702150 0.894240 0.608400 0.894240
0 0.610350 0.253820 0.704100 0.253820 0.704100 0.311400 0.610350 0.311400
0 0.587890 0.434780 0.683590 0.434780 0.683590 0.513510 0.587890 0.513510
0 0.775390 0.258520 0.842770 0.258520 0.842770 0.307870 0.775390 0.307870
1 0.904300 0.426560 0.995120 0.426560 0.995120 0.521740 0.904300 0.521740
0 0.061523 0.643950 0.095703 0.643950 0.095703 0.698000 0.061523 0.698000
0 0.061523 0.829610 0.095703 0.829610 0.095703 0.883670 0.061523 0.883670
0 0.064453 0.454760 0.098633 0.454760 0.098633 0.508810 0.064453 0.508810
0 0.069336 0.262040 0.103520 0.262040 0.103520 0.316100 0.069336 0.316100
0 0.075195 0.079906 0.109380 0.079906 0.109380 0.135140 0.075195 0.135140
0 0.777340 0.450060 0.845700 0.450060 0.845700 0.500590 0.777340 0.500590
0 0.776370 0.649820 0.843750 0.649820 0.843750 0.699180 0.776370 0.699180
