0 0.213870 0.035156 0.327150 0.035156 0.327150 0.121090 0.213870 0.121090
0 0.207030 0.235680 0.326170 0.235680 0.326170 0.322920 0.207030 0.322920
0 0.209960 0.427080 0.329100 0.427080 0.329100 0.515620 0.209960 0.515620
0 0.208980 0.617190 0.328120 0.617190 0.328120 0.705730 0.208980 0.705730
0 0.410160 0.617190 0.529300 0.617190 0.529300 0.705730 0.410160 0.705730
0 0.407230 0.427080 0.526370 0.427080 0.526370 0.515620 0.407230 0.515620
0 0.405270 0.234380 0.524410 0.234380 0.524410 0.322920 0.405270 0.322920
0 0.409180 0.032552 0.527340 0.032552 0.527340 0.121090 0.409180 0.121090
0 0.608400 0.617190 0.731450 0.617190 0.731450 0.713540 0.608400 0.713540
0 0.607420 0.424480 0.730470 0.424480 0.730470 0.520830 0.607420 0.520830
0 0.605470 0.229170 0.728520 0.229170 0.728520 0.325520 0.605470 0.325520
0 0.791020 0.230470 0.900390 0.230470 0.900390 0.270830 0.791020 0.270830
0 0.791990 0.286460 0.901370 0.286460 0.901370 0.328120 0.791990 0.328120
0 0.793950 0.423180 0.902340 0.423180 0.902340 0.464840 0.793950 0.464840
0 0.792970 0.476560 0.902340 0.476560 0.902340 0.518230 0.792970 0.518230
0 0.793950 0.617190 0.903320 0.617190 0.903320 0.658850 0.793950 0.658850
0 0.794920 0.671880 0.903320 0.671880 0.903320 0.713540 0.794920 0.713540
