0 0.330080 0.313070 0.417970 0.313070 0.417970 0.376900 0.330080 0.376900
0 0.332030 0.433640 0.418950 0.433640 0.418950 0.496450 0.332030 0.496450
0 0.510740 0.434650 0.605470 0.434650 0.605470 0.497470 0.510740 0.497470
0 0.508790 0.313070 0.602540 0.313070 0.602540 0.375890 0.508790 0.375890
0 0.506840 0.181360 0.598630 0.181360 0.598630 0.214790 0.506840 0.214790
0 0.506840 0.233030 0.598630 0.233030 0.598630 0.266460 0.506840 0.266460
0 0.698240 0.322190 0.782230 0.322190 0.782230 0.379940 0.698240 0.379940
0 0.700200 0.441740 0.783200 0.441740 0.783200 0.500510 0.700200 0.500510
0 0.698240 0.239110 0.780270 0.239110 0.780270 0.270520 0.698240 0.270520
0 0.697270 0.188450 0.779300 0.188450 0.779300 0.219860 0.697270 0.219860
0 0.326170 0.233030 0.415040 0.233030 0.415040 0.265450 0.326170 0.265450
0 0.324220 0.183380 0.412110 0.183380 0.412110 0.214790 0.324220 0.214790
0 0.232420 0.629180 0.316410 0.629180 0.316410 0.683890 0.232420 0.683890
0 0.233400 0.735560 0.316410 0.735560 0.316410 0.791290 0.233400 0.791290
0 0.382810 0.561300 0.478520 0.561300 0.478520 0.625130 0.382810 0.625130
0 0.380860 0.676800 0.476560 0.676800 0.476560 0.740630 0.380860 0.740630
0 0.379880 0.793310 0.475590 0.793310 0.475590 0.857140 0.379880 0.857140
0 0.548830 0.562310 0.644530 0.562310 0.644530 0.626140 0.548830 0.626140
0 0.547850 0.674770 0.643550 0.674770 0.643550 0.738600 0.547850 0.738600
0 0.546880 0.794330 0.642580 0.794330 0.642580 0.858160 0.546880 0.858160
0 0.707030 0.798380 0.801760 0.798380 0.801760 0.862210 0.707030 0.862210
0 0.707030 0.679840 0.802730 0.679840 0.802730 0.743670 0.707030 0.743670
0 0.708980 0.564340 0.804690 0.564340 0.804690 0.628170 0.708980 0.628170
1 0.878910 0.315100 0.993160 0.315100 0.993160 0.395140 0.878910 0.395140
1 0.890620 0.567380 0.992190 0.567380 0.992190 0.630190 0.890620 0.630190
1 0.872070 0.784190 0.993160 0.784190 0.993160 0.866260 0.872070 0.866260
