0 0.049805 0.149110 0.088867 0.149110 0.088867 0.288270 0.049805 0.288270
0 0.048828 0.425450 0.088867 0.425450 0.088867 0.564610 0.048828 0.564610
0 0.049805 0.701790 0.088867 0.701790 0.088867 0.840950 0.049805 0.840950
0 0.117190 0.703780 0.154300 0.703780 0.154300 0.842940 0.117190 0.842940
0 0.116210 0.425450 0.146480 0.425450 0.146480 0.564610 0.116210 0.564610
0 0.119140 0.147120 0.149410 0.147120 0.149410 0.290260 0.119140 0.290260
0 0.199220 0.161030 0.237300 0.161030 0.237300 0.276340 0.199220 0.276340
0 0.259770 0.159050 0.295900 0.159050 0.295900 0.274350 0.259770 0.274350
0 0.259770 0.439360 0.295900 0.439360 0.295900 0.552680 0.259770 0.552680
0 0.260740 0.715710 0.295900 0.715710 0.295900 0.831010 0.260740 0.831010
0 0.199220 0.717690 0.238280 0.717690 0.238280 0.831010 0.199220 0.831010
0 0.199220 0.439360 0.238280 0.439360 0.238280 0.552680 0.199220 0.552680
0 0.328120 0.097416 0.367190 0.097416 0.367190 0.188870 0.328120 0.188870
0 0.328120 0.238570 0.366210 0.238570 0.366210 0.330020 0.328120 0.330020
0 0.328120 0.379720 0.367190 0.379720 0.367190 0.471170 0.328120 0.471170
0 0.329100 0.520870 0.368160 0.520870 0.368160 0.612330 0.329100 0.612330
0 0.328120 0.664020 0.367190 0.664020 0.367190 0.755470 0.328120 0.755470
0 0.329100 0.805170 0.368160 0.805170 0.368160 0.896620 0.329100 0.896620
0 0.397460 0.807160 0.435550 0.807160 0.435550 0.898610 0.397460 0.898610
0 0.396480 0.664020 0.435550 0.664020 0.435550 0.755470 0.396480 0.755470
0 0.395510 0.526840 0.434570 0.526840 0.434570 0.618290 0.395510 0.618290
0 0.397460 0.381710 0.435550 0.381710 0.435550 0.473160 0.397460 0.473160
0 0.396480 0.236580 0.434570 0.236580 0.434570 0.328030 0.396480 0.328030
0 0.396480 0.095427 0.435550 0.095427 0.435550 0.186880 0.396480 0.186880
0 0.462890 0.095427 0.501950 0.095427 0.501950 0.186880 0.462890 0.186880
0 0.461910 0.238570 0.503910 0.238570 0.503910 0.332010 0.461910 0.332010
0 0.461910 0.385690 0.503910 0.385690 0.503910 0.479130 0.461910 0.479130
0 0.462890 0.524850 0.503910 0.524850 0.503910 0.618290 0.462890 0.618290
0 0.464840 0.669980 0.506840 0.669980 0.506840 0.763420 0.464840 0.763420
0 0.462890 0.807160 0.504880 0.807160 0.504880 0.900600 0.462890 0.900600
0 0.533200 0.807160 0.574220 0.807160 0.574220 0.900600 0.533200 0.900600
0 0.533200 0.671970 0.574220 0.671970 0.574220 0.763420 0.533200 0.763420
0 0.531250 0.526840 0.573240 0.526840 0.573240 0.620280 0.531250 0.620280
0 0.532230 0.383700 0.574220 0.383700 0.574220 0.477140 0.532230 0.477140
0 0.532230 0.244530 0.574220 0.244530 0.574220 0.337970 0.532230 0.337970
0 0.532230 0.097416 0.574220 0.097416 0.574220 0.190850 0.532230 0.190850
0 0.600590 0.097416 0.642580 0.097416 0.642580 0.190850 0.600590 0.190850
0 0.601560 0.242540 0.643550 0.242540 0.643550 0.335980 0.601560 0.335980
0 0.600590 0.379720 0.642580 0.379720 0.642580 0.473160 0.600590 0.473160
0 0.600590 0.526840 0.642580 0.526840 0.642580 0.620280 0.600590 0.620280
0 0.602540 0.666000 0.644530 0.666000 0.644530 0.759440 0.602540 0.759440
0 0.602540 0.809150 0.644530 0.809150 0.644530 0.902580 0.602540 0.902580
0 0.669920 0.805170 0.711910 0.805170 0.711910 0.898610 0.669920 0.898610
0 0.668950 0.667990 0.710940 0.667990 0.710940 0.761430 0.668950 0.761430
0 0.669920 0.526840 0.711910 0.526840 0.711910 0.618290 0.669920 0.618290
0 0.668950 0.383700 0.710940 0.383700 0.710940 0.475150 0.668950 0.475150
0 0.667970 0.238570 0.708980 0.238570 0.708980 0.332010 0.667970 0.332010
0 0.668950 0.095427 0.710940 0.095427 0.710940 0.188870 0.668950 0.188870
0 0.737300 0.799200 0.779300 0.799200 0.779300 0.892640 0.737300 0.892640
0 0.738280 0.662030 0.779300 0.662030 0.779300 0.755470 0.738280 0.755470
0 0.739260 0.526840 0.781250 0.526840 0.781250 0.620280 0.739260 0.620280
0 0.737300 0.383700 0.779300 0.383700 0.779300 0.475150 0.737300 0.475150
0 0.738280 0.244530 0.780270 0.244530 0.780270 0.335980 0.738280 0.335980
0 0.738280 0.101390 0.780270 0.101390 0.780270 0.192840 0.738280 0.192840
0 0.805660 0.105370 0.845700 0.105370 0.845700 0.194830 0.805660 0.194830
0 0.805660 0.244530 0.845700 0.244530 0.845700 0.334000 0.805660 0.334000
0 0.805660 0.385690 0.845700 0.385690 0.845700 0.475150 0.805660 0.475150
0 0.804690 0.524850 0.843750 0.524850 0.843750 0.614310 0.804690 0.614310
0 0.805660 0.662030 0.845700 0.662030 0.845700 0.751490 0.805660 0.751490
0 0.804690 0.801190 0.843750 0.801190 0.843750 0.888670 0.804690 0.888670
0 0.875980 0.125250 0.913090 0.125250 0.913090 0.278330 0.875980 0.278330
0 0.876950 0.417500 0.912110 0.417500 0.912110 0.570580 0.876950 0.570580
0 0.875000 0.713720 0.911130 0.713720 0.911130 0.860830 0.875000 0.860830
0 0.937500 0.399600 0.983400 0.399600 0.983400 0.586480 0.937500 0.586480
0 0.937500 0.685880 0.986330 0.685880 0.986330 0.876740 0.937500 0.876740
0 0.938480 0.109340 0.997070 0.109340 0.997070 0.302190 0.938480 0.302190
