0 0.270270 0.083008 0.447640 0.083008 0.447640 0.130860 0.270270 0.130860
0 0.324320 0.231450 0.445950 0.231450 0.445950 0.264650 0.324320 0.264650
0 0.324320 0.315430 0.447640 0.315430 0.447640 0.348630 0.324320 0.348630
0 0.322640 0.396480 0.445950 0.396480 0.445950 0.430660 0.322640 0.430660
0 0.324320 0.481450 0.447640 0.481450 0.447640 0.514650 0.324320 0.514650
0 0.326010 0.564450 0.449320 0.564450 0.449320 0.597660 0.326010 0.597660
0 0.326010 0.646480 0.447640 0.646480 0.447640 0.679690 0.326010 0.679690
0 0.324320 0.729490 0.447640 0.729490 0.447640 0.763670 0.324320 0.763670
0 0.278720 0.862300 0.447640 0.862300 0.447640 0.906250 0.278720 0.906250
0 0.521960 0.861330 0.679050 0.861330 0.679050 0.905270 0.521960 0.905270
0 0.552360 0.730470 0.673990 0.730470 0.673990 0.764650 0.552360 0.764650
0 0.555740 0.646480 0.679050 0.646480 0.679050 0.680660 0.555740 0.680660
0 0.555740 0.564450 0.679050 0.564450 0.679050 0.598630 0.555740 0.598630
0 0.554050 0.480470 0.677360 0.480470 0.677360 0.514650 0.554050 0.514650
0 0.555740 0.395510 0.677360 0.395510 0.677360 0.428710 0.555740 0.428710
0 0.557430 0.230470 0.680740 0.230470 0.680740 0.264650 0.557430 0.264650
0 0.523650 0.085938 0.680740 0.085938 0.680740 0.130860 0.523650 0.130860
0 0.790540 0.863280 0.939190 0.863280 0.939190 0.910160 0.790540 0.910160
0 0.797300 0.728520 0.937500 0.728520 0.937500 0.768550 0.797300 0.768550
0 0.795610 0.644530 0.935810 0.644530 0.935810 0.682620 0.795610 0.682620
0 0.795610 0.560550 0.935810 0.560550 0.935810 0.598630 0.795610 0.598630
0 0.795610 0.478520 0.935810 0.478520 0.935810 0.516600 0.795610 0.516600
0 0.798990 0.229490 0.940880 0.229490 0.940880 0.266600 0.798990 0.266600
1 0.793920 0.085938 0.993240 0.085938 0.993240 0.129880 0.793920 0.129880
