0 0.815380 0.575200 0.888460 0.575200 0.888460 0.603520 0.815380 0.603520
0 0.816670 0.495120 0.888460 0.495120 0.888460 0.523440 0.816670 0.523440
0 0.816670 0.415040 0.888460 0.415040 0.888460 0.442380 0.816670 0.442380
0 0.676920 0.414060 0.750000 0.414060 0.750000 0.442380 0.676920 0.442380
0 0.676920 0.576170 0.751280 0.576170 0.751280 0.603520 0.676920 0.603520
0 0.678210 0.495120 0.751280 0.495120 0.751280 0.526370 0.678210 0.526370
0 0.817950 0.833010 0.889740 0.833010 0.889740 0.859380 0.817950 0.859380
0 0.816670 0.766600 0.889740 0.766600 0.889740 0.793950 0.816670 0.793950
0 0.816670 0.704100 0.889740 0.704100 0.889740 0.732420 0.816670 0.732420
0 0.816670 0.641600 0.889740 0.641600 0.889740 0.669920 0.816670 0.669920
0 0.678210 0.832030 0.752560 0.832030 0.752560 0.860350 0.678210 0.860350
0 0.678210 0.766600 0.751280 0.766600 0.751280 0.793950 0.678210 0.793950
0 0.676920 0.704100 0.752560 0.704100 0.752560 0.732420 0.676920 0.732420
0 0.676920 0.641600 0.750000 0.641600 0.750000 0.669920 0.676920 0.669920
0 0.541030 0.833010 0.611540 0.833010 0.611540 0.860350 0.541030 0.860350
0 0.541030 0.765620 0.610260 0.765620 0.610260 0.793950 0.541030 0.793950
0 0.541030 0.704100 0.610260 0.704100 0.610260 0.731450 0.541030 0.731450
0 0.541030 0.640620 0.610260 0.640620 0.610260 0.668950 0.541030 0.668950
0 0.406410 0.833010 0.470510 0.833010 0.470510 0.860350 0.406410 0.860350
0 0.406410 0.766600 0.470510 0.766600 0.470510 0.793950 0.406410 0.793950
0 0.406410 0.703120 0.470510 0.703120 0.470510 0.731450 0.406410 0.731450
0 0.406410 0.641600 0.469230 0.641600 0.469230 0.668950 0.406410 0.668950
0 0.541030 0.495120 0.610260 0.495120 0.610260 0.521480 0.541030 0.521480
0 0.539740 0.575200 0.610260 0.575200 0.610260 0.603520 0.539740 0.603520
0 0.541030 0.414060 0.610260 0.414060 0.610260 0.441410 0.541030 0.441410
0 0.406410 0.574220 0.470510 0.574220 0.470510 0.601560 0.406410 0.601560
0 0.406410 0.495120 0.470510 0.495120 0.470510 0.520510 0.406410 0.520510
0 0.405130 0.414060 0.469230 0.414060 0.469230 0.441410 0.405130 0.441410
0 0.405130 0.347660 0.469230 0.347660 0.469230 0.375000 0.405130 0.375000
0 0.406410 0.283200 0.470510 0.283200 0.470510 0.310550 0.406410 0.310550
0 0.405130 0.219730 0.469230 0.219730 0.469230 0.247070 0.405130 0.247070
0 0.538460 0.284180 0.612820 0.284180 0.612820 0.313480 0.538460 0.313480
0 0.538460 0.346680 0.611540 0.346680 0.611540 0.375980 0.538460 0.375980
0 0.676920 0.346680 0.751280 0.346680 0.751280 0.375980 0.676920 0.375980
0 0.676920 0.284180 0.751280 0.284180 0.751280 0.313480 0.676920 0.313480
0 0.817950 0.347660 0.891030 0.347660 0.891030 0.376950 0.817950 0.376950
0 0.402560 0.922850 0.466670 0.922850 0.466670 0.950200 0.402560 0.950200
0 0.538460 0.921880 0.593590 0.921880 0.593590 0.949220 0.538460 0.949220
0 0.675640 0.921880 0.737180 0.921880 0.737180 0.948240 0.675640 0.948240
0 0.817950 0.921880 0.889740 0.921880 0.889740 0.948240 0.817950 0.948240
