0 0.316340 0.165040 0.427450 0.165040 0.427450 0.196290 0.316340 0.196290
0 0.316340 0.200200 0.426140 0.200200 0.426140 0.232420 0.316340 0.232420
0 0.317650 0.827150 0.431370 0.827150 0.431370 0.858400 0.317650 0.858400
0 0.318950 0.790040 0.430070 0.790040 0.430070 0.821290 0.318950 0.821290
0 0.320260 0.332030 0.432680 0.332030 0.432680 0.375000 0.320260 0.375000
0 0.318950 0.435550 0.431370 0.435550 0.431370 0.478520 0.318950 0.478520
0 0.320260 0.541020 0.431370 0.541020 0.431370 0.583980 0.320260 0.583980
0 0.320260 0.648440 0.431370 0.648440 0.431370 0.692380 0.320260 0.692380
0 0.521570 0.327150 0.633990 0.327150 0.633990 0.372070 0.521570 0.372070
0 0.525490 0.432620 0.637910 0.432620 0.637910 0.477540 0.525490 0.477540
0 0.524180 0.538090 0.639220 0.538090 0.639220 0.583010 0.524180 0.583010
0 0.526800 0.646480 0.641830 0.646480 0.641830 0.691410 0.526800 0.691410
0 0.525490 0.784180 0.645750 0.784180 0.645750 0.821290 0.525490 0.821290
0 0.526800 0.829100 0.644440 0.829100 0.644440 0.867190 0.526800 0.867190
0 0.520260 0.197270 0.635290 0.197270 0.635290 0.232420 0.520260 0.232420
0 0.520260 0.153320 0.633990 0.153320 0.633990 0.189450 0.520260 0.189450
1 0.724180 0.321290 0.918950 0.321290 0.918950 0.374020 0.724180 0.374020
1 0.729410 0.621090 0.929410 0.621090 0.929410 0.693360 0.729410 0.693360
