0 0.043945 0.056806 0.105470 0.056806 0.105470 0.095391 0.043945 0.095391
0 0.041992 0.162920 0.103520 0.162920 0.103520 0.201500 0.041992 0.201500
0 0.040039 0.269020 0.101560 0.269020 0.101560 0.307610 0.040039 0.307610
0 0.040039 0.379420 0.100590 0.379420 0.100590 0.418010 0.040039 0.418010
0 0.040039 0.485530 0.101560 0.485530 0.101560 0.524120 0.040039 0.524120
0 0.040039 0.594860 0.101560 0.594860 0.101560 0.633440 0.040039 0.633440
0 0.041992 0.699890 0.103520 0.699890 0.103520 0.738480 0.041992 0.738480
0 0.044922 0.809220 0.106450 0.809220 0.106450 0.847800 0.044922 0.847800
0 0.049805 0.914260 0.111330 0.914260 0.111330 0.951770 0.049805 0.951770
0 0.182620 0.054662 0.283200 0.054662 0.283200 0.096463 0.182620 0.096463
0 0.180660 0.157560 0.281250 0.157560 0.281250 0.200430 0.180660 0.200430
0 0.179690 0.264740 0.280270 0.264740 0.280270 0.307610 0.179690 0.307610
0 0.179690 0.372990 0.280270 0.372990 0.280270 0.415860 0.179690 0.415860
0 0.177730 0.480170 0.278320 0.480170 0.278320 0.521970 0.177730 0.521970
0 0.180660 0.590570 0.281250 0.590570 0.281250 0.633440 0.180660 0.633440
0 0.176760 0.697750 0.281250 0.697750 0.281250 0.740620 0.176760 0.740620
0 0.177730 0.804930 0.283200 0.804930 0.283200 0.846730 0.177730 0.846730
0 0.184570 0.914260 0.283200 0.914260 0.283200 0.957130 0.184570 0.957130
0 0.359380 0.915330 0.453120 0.915330 0.453120 0.953910 0.359380 0.953910
0 0.359380 0.808150 0.452150 0.808150 0.452150 0.846730 0.359380 0.846730
0 0.357420 0.702040 0.451170 0.702040 0.451170 0.740620 0.357420 0.740620
0 0.357420 0.591640 0.450200 0.591640 0.450200 0.630230 0.357420 0.630230
0 0.357420 0.484460 0.450200 0.484460 0.450200 0.523040 0.357420 0.523040
0 0.358400 0.374060 0.452150 0.374060 0.452150 0.412650 0.358400 0.412650
0 0.357420 0.267950 0.450200 0.267950 0.450200 0.306540 0.357420 0.306540
0 0.360350 0.161840 0.454100 0.161840 0.454100 0.200430 0.360350 0.200430
0 0.361330 0.056806 0.454100 0.056806 0.454100 0.095391 0.361330 0.095391
0 0.539060 0.056806 0.643550 0.056806 0.643550 0.097535 0.539060 0.097535
0 0.539060 0.160770 0.643550 0.160770 0.643550 0.201500 0.539060 0.201500
0 0.540040 0.264740 0.642580 0.264740 0.642580 0.308680 0.540040 0.308680
0 0.540040 0.369770 0.642580 0.369770 0.642580 0.413720 0.540040 0.413720
0 0.539060 0.482320 0.642580 0.482320 0.642580 0.525190 0.539060 0.525190
0 0.539060 0.586280 0.642580 0.586280 0.642580 0.630230 0.539060 0.630230
0 0.539060 0.695610 0.641600 0.695610 0.641600 0.739550 0.539060 0.739550
0 0.541020 0.801710 0.644530 0.801710 0.644530 0.845660 0.541020 0.845660
0 0.538090 0.908900 0.641600 0.908900 0.641600 0.951770 0.538090 0.951770
0 0.718750 0.911040 0.811520 0.911040 0.811520 0.951770 0.718750 0.951770
0 0.719730 0.804930 0.812500 0.804930 0.812500 0.846730 0.719730 0.846730
0 0.719730 0.696680 0.813480 0.696680 0.813480 0.738480 0.719730 0.738480
0 0.719730 0.590570 0.812500 0.590570 0.812500 0.631300 0.719730 0.631300
0 0.718750 0.372990 0.812500 0.372990 0.812500 0.414790 0.718750 0.414790
0 0.718750 0.266880 0.812500 0.266880 0.812500 0.308680 0.718750 0.308680
0 0.717770 0.162920 0.810550 0.162920 0.810550 0.204720 0.717770 0.204720
0 0.714840 0.057878 0.808590 0.057878 0.808590 0.099678 0.714840 0.099678
0 0.884770 0.170420 0.956050 0.170420 0.956050 0.207930 0.884770 0.207930
0 0.882810 0.068596 0.954100 0.068596 0.954100 0.106110 0.882810 0.106110
0 0.886720 0.273310 0.958010 0.273310 0.958010 0.310830 0.886720 0.310830
0 0.886720 0.379420 0.958010 0.379420 0.958010 0.415860 0.886720 0.415860
0 0.884770 0.912110 0.956050 0.912110 0.956050 0.948550 0.884770 0.948550
0 0.889650 0.700960 0.959960 0.700960 0.959960 0.737410 0.889650 0.737410
0 0.890620 0.593780 0.961910 0.593780 0.961910 0.630230 0.890620 0.630230
1 0.875000 0.469450 0.983400 0.469450 0.983400 0.529470 0.875000 0.529470
0 0.757810 0.514470 0.813480 0.514470 0.813480 0.524120 0.757810 0.524120
0 0.756840 0.478030 0.813480 0.478030 0.813480 0.490890 0.756840 0.490890
0 0.723630 0.491960 0.813480 0.491960 0.813480 0.508040 0.723630 0.508040
