0 0.311330 0.184570 0.392280 0.184570 0.392280 0.217770 0.311330 0.217770
0 0.488170 0.185550 0.570360 0.185550 0.570360 0.216800 0.488170 0.216800
0 0.488170 0.265620 0.569120 0.265620 0.569120 0.295900 0.488170 0.295900
0 0.311330 0.265620 0.394770 0.265620 0.394770 0.297850 0.311330 0.297850
0 0.311330 0.344730 0.394770 0.344730 0.394770 0.375980 0.311330 0.375980
0 0.311330 0.425780 0.394770 0.425780 0.394770 0.457030 0.311330 0.457030
0 0.311330 0.504880 0.394770 0.504880 0.394770 0.539060 0.311330 0.539060
0 0.311330 0.584960 0.396010 0.584960 0.396010 0.618160 0.311330 0.618160
0 0.311330 0.664060 0.394770 0.664060 0.394770 0.699220 0.311330 0.699220
0 0.488170 0.666990 0.571610 0.666990 0.571610 0.699220 0.488170 0.699220
0 0.488170 0.586910 0.571610 0.586910 0.571610 0.619140 0.488170 0.619140
0 0.489410 0.505860 0.571610 0.505860 0.571610 0.540040 0.489410 0.540040
0 0.489410 0.425780 0.572850 0.425780 0.572850 0.460940 0.489410 0.460940
0 0.488170 0.345700 0.570360 0.345700 0.570360 0.378910 0.488170 0.378910
0 0.661270 0.185550 0.745950 0.185550 0.745950 0.217770 0.661270 0.217770
0 0.661270 0.265620 0.745950 0.265620 0.745950 0.297850 0.661270 0.297850
0 0.661270 0.345700 0.744710 0.345700 0.744710 0.377930 0.661270 0.377930
0 0.660020 0.424800 0.744710 0.424800 0.744710 0.458980 0.660020 0.458980
0 0.662520 0.507810 0.745950 0.507810 0.745950 0.536130 0.662520 0.536130
0 0.661270 0.590820 0.744710 0.590820 0.744710 0.619140 0.661270 0.619140
0 0.661270 0.664060 0.745950 0.664060 0.745950 0.700200 0.661270 0.700200
0 0.836860 0.666990 0.920300 0.666990 0.920300 0.697270 0.836860 0.697270
0 0.835620 0.586910 0.920300 0.586910 0.920300 0.618160 0.835620 0.618160
0 0.834370 0.507810 0.919050 0.507810 0.919050 0.539060 0.834370 0.539060
0 0.830640 0.426760 0.920300 0.426760 0.920300 0.458980 0.830640 0.458980
0 0.830640 0.344730 0.919050 0.344730 0.919050 0.377930 0.830640 0.377930
0 0.830640 0.265620 0.919050 0.265620 0.919050 0.298830 0.830640 0.298830
0 0.830640 0.184570 0.919050 0.184570 0.919050 0.217770 0.830640 0.217770
0 0.301370 0.045898 0.387300 0.045898 0.387300 0.081055 0.301370 0.081055
0 0.481940 0.045898 0.567870 0.045898 0.567870 0.081055 0.481940 0.081055
0 0.655040 0.046875 0.740970 0.046875 0.740970 0.082031 0.655040 0.082031
0 0.830640 0.046875 0.915320 0.046875 0.915320 0.082031 0.830640 0.082031
0 0.308840 0.772460 0.394770 0.772460 0.394770 0.806640 0.308840 0.806640
0 0.310090 0.933590 0.394770 0.933590 0.394770 0.968750 0.310090 0.968750
0 0.310090 0.852540 0.396010 0.852540 0.396010 0.887700 0.310090 0.887700
0 0.486920 0.770510 0.572850 0.770510 0.572850 0.805660 0.486920 0.805660
0 0.486920 0.851560 0.572850 0.851560 0.572850 0.886720 0.486920 0.886720
0 0.486920 0.932620 0.571610 0.932620 0.571610 0.967770 0.486920 0.967770
0 0.662520 0.932620 0.747200 0.932620 0.747200 0.967770 0.662520 0.967770
0 0.661270 0.852540 0.745950 0.852540 0.745950 0.887700 0.661270 0.887700
0 0.661270 0.771480 0.747200 0.771480 0.747200 0.806640 0.661270 0.806640
0 0.835620 0.771480 0.920300 0.771480 0.920300 0.806640 0.835620 0.806640
0 0.834370 0.853520 0.919050 0.853520 0.919050 0.888670 0.834370 0.888670
0 0.150680 0.767580 0.204230 0.767580 0.204230 0.795900 0.150680 0.795900
0 0.150680 0.661130 0.202990 0.661130 0.202990 0.690430 0.150680 0.690430
0 0.150680 0.580080 0.202990 0.580080 0.202990 0.610350 0.150680 0.610350
0 0.149440 0.500000 0.202990 0.500000 0.202990 0.530270 0.149440 0.530270
0 0.149440 0.420900 0.202990 0.420900 0.202990 0.451170 0.149440 0.451170
0 0.149440 0.342770 0.202990 0.342770 0.202990 0.373050 0.149440 0.373050
0 0.150680 0.852540 0.202990 0.852540 0.202990 0.875980 0.150680 0.875980
0 0.150680 0.934570 0.202990 0.934570 0.202990 0.956050 0.150680 0.956050
0 0.150680 0.263670 0.204230 0.263670 0.204230 0.293950 0.150680 0.293950
0 0.148190 0.183590 0.201740 0.183590 0.201740 0.213870 0.148190 0.213870
0 0.069738 0.746090 0.099626 0.746090 0.099626 0.761720 0.069738 0.761720
