0 0.151830 0.032227 0.251310 0.032227 0.251310 0.067383 0.151830 0.067383
0 0.151830 0.120120 0.248170 0.120120 0.248170 0.157230 0.151830 0.157230
0 0.149740 0.204100 0.246070 0.204100 0.246070 0.241210 0.149740 0.241210
0 0.310990 0.032227 0.412570 0.032227 0.412570 0.065430 0.310990 0.065430
0 0.309950 0.120120 0.411520 0.120120 0.411520 0.153320 0.309950 0.153320
0 0.314140 0.207030 0.416750 0.207030 0.416750 0.240230 0.314140 0.240230
0 0.484820 0.032227 0.591620 0.032227 0.591620 0.068359 0.484820 0.068359
0 0.483770 0.120120 0.590580 0.120120 0.590580 0.155270 0.483770 0.155270
0 0.485860 0.205080 0.592670 0.205080 0.592670 0.241210 0.485860 0.241210
0 0.656540 0.207030 0.773820 0.207030 0.773820 0.246090 0.656540 0.246090
0 0.657590 0.119140 0.775920 0.119140 0.775920 0.155270 0.657590 0.155270
0 0.655500 0.035156 0.774870 0.035156 0.774870 0.071289 0.655500 0.071289
0 0.146600 0.305660 0.242930 0.305660 0.242930 0.351560 0.146600 0.351560
0 0.146600 0.393550 0.248170 0.393550 0.248170 0.440430 0.146600 0.440430
0 0.145550 0.484380 0.246070 0.484380 0.246070 0.530270 0.145550 0.530270
0 0.146600 0.576170 0.249210 0.576170 0.249210 0.621090 0.146600 0.621090
0 0.147640 0.679690 0.250260 0.679690 0.250260 0.725590 0.147640 0.725590
0 0.147640 0.768550 0.249210 0.768550 0.249210 0.813480 0.147640 0.813480
0 0.149740 0.858400 0.252360 0.858400 0.252360 0.903320 0.149740 0.903320
0 0.153930 0.944340 0.255500 0.944340 0.255500 0.989260 0.153930 0.989260
0 0.313090 0.939450 0.415710 0.939450 0.415710 0.984380 0.313090 0.984380
0 0.313090 0.857420 0.415710 0.857420 0.415710 0.902340 0.313090 0.902340
0 0.310990 0.769530 0.413610 0.769530 0.413610 0.814450 0.310990 0.814450
0 0.307850 0.682620 0.416750 0.682620 0.416750 0.726560 0.307850 0.726560
0 0.307850 0.578120 0.416750 0.578120 0.416750 0.622070 0.307850 0.622070
0 0.306810 0.487300 0.415710 0.487300 0.415710 0.531250 0.306810 0.531250
0 0.307850 0.397460 0.416750 0.397460 0.416750 0.441410 0.307850 0.441410
0 0.305760 0.305660 0.414660 0.305660 0.414660 0.349610 0.305760 0.349610
0 0.485860 0.304690 0.593720 0.304690 0.593720 0.348630 0.485860 0.348630
0 0.485860 0.397460 0.598950 0.397460 0.598950 0.441410 0.485860 0.441410
0 0.484820 0.488280 0.596860 0.488280 0.596860 0.534180 0.484820 0.534180
0 0.484820 0.575200 0.596860 0.575200 0.596860 0.620120 0.484820 0.620120
0 0.485860 0.679690 0.597910 0.679690 0.597910 0.725590 0.485860 0.725590
0 0.485860 0.938480 0.598950 0.938480 0.598950 0.984380 0.485860 0.984380
0 0.485860 0.855470 0.597910 0.855470 0.597910 0.900390 0.485860 0.900390
0 0.483770 0.769530 0.596860 0.769530 0.596860 0.814450 0.483770 0.814450
0 0.654450 0.938480 0.763350 0.938480 0.763350 0.976560 0.654450 0.976560
0 0.655500 0.854490 0.764400 0.854490 0.764400 0.892580 0.655500 0.892580
0 0.655500 0.769530 0.764400 0.769530 0.764400 0.808590 0.655500 0.808590
0 0.655500 0.682620 0.765450 0.682620 0.765450 0.725590 0.655500 0.725590
0 0.655500 0.579100 0.765450 0.579100 0.765450 0.622070 0.655500 0.622070
0 0.657590 0.490230 0.767540 0.490230 0.767540 0.532230 0.657590 0.532230
0 0.661780 0.399410 0.771730 0.399410 0.771730 0.442380 0.661780 0.442380
0 0.656540 0.308590 0.766490 0.308590 0.766490 0.350590 0.656540 0.350590
0 0.853400 0.097656 0.954970 0.097656 0.954970 0.188480 0.853400 0.188480
1 0.849210 0.017578 0.986390 0.017578 0.986390 0.079102 0.849210 0.079102
1 0.879580 0.217770 0.994760 0.217770 0.994760 0.264650 0.879580 0.264650
