0 0.218750 0.241210 0.276040 0.241210 0.276040 0.285160 0.218750 0.285160
0 0.217450 0.188480 0.276040 0.188480 0.276040 0.232420 0.217450 0.232420
0 0.218750 0.369140 0.276040 0.369140 0.276040 0.413090 0.218750 0.413090
0 0.220050 0.422850 0.277340 0.422850 0.277340 0.466800 0.220050 0.466800
0 0.360680 0.189450 0.417970 0.189450 0.417970 0.234380 0.360680 0.234380
0 0.360680 0.242190 0.417970 0.242190 0.417970 0.286130 0.360680 0.286130
0 0.360680 0.370120 0.417970 0.370120 0.417970 0.414060 0.360680 0.414060
0 0.360680 0.421880 0.417970 0.421880 0.417970 0.465820 0.360680 0.465820
0 0.217450 0.057617 0.274740 0.057617 0.274740 0.102540 0.217450 0.102540
0 0.485680 0.190430 0.542970 0.190430 0.542970 0.235350 0.485680 0.235350
0 0.485680 0.242190 0.542970 0.242190 0.542970 0.287110 0.485680 0.287110
0 0.484380 0.370120 0.541670 0.370120 0.541670 0.415040 0.484380 0.415040
0 0.485680 0.422850 0.544270 0.422850 0.544270 0.466800 0.485680 0.466800
0 0.218750 0.549800 0.276040 0.549800 0.276040 0.594730 0.218750 0.594730
0 0.218750 0.602540 0.276040 0.602540 0.276040 0.647460 0.218750 0.647460
0 0.218750 0.726560 0.276040 0.726560 0.276040 0.771480 0.218750 0.771480
0 0.220050 0.779300 0.277340 0.779300 0.277340 0.824220 0.220050 0.824220
0 0.361980 0.779300 0.419270 0.779300 0.419270 0.822270 0.361980 0.822270
0 0.361980 0.725590 0.419270 0.725590 0.419270 0.769530 0.361980 0.769530
0 0.360680 0.604490 0.417970 0.604490 0.417970 0.647460 0.360680 0.647460
0 0.361980 0.551760 0.420570 0.551760 0.420570 0.594730 0.361980 0.594730
0 0.609380 0.423830 0.666670 0.423830 0.666670 0.468750 0.609380 0.468750
0 0.606770 0.371090 0.667970 0.371090 0.667970 0.415040 0.606770 0.415040
0 0.606770 0.551760 0.669270 0.551760 0.669270 0.595700 0.606770 0.595700
0 0.606770 0.604490 0.667970 0.604490 0.667970 0.648440 0.606770 0.648440
0 0.483070 0.551760 0.544270 0.551760 0.544270 0.595700 0.483070 0.595700
0 0.483070 0.604490 0.544270 0.604490 0.544270 0.648440 0.483070 0.648440
0 0.483070 0.726560 0.545570 0.726560 0.545570 0.770510 0.483070 0.770510
0 0.483070 0.779300 0.544270 0.779300 0.544270 0.823240 0.483070 0.823240
0 0.606770 0.726560 0.667970 0.726560 0.667970 0.770510 0.606770 0.770510
0 0.606770 0.780270 0.667970 0.780270 0.667970 0.823240 0.606770 0.823240
0 0.509110 0.912110 0.567710 0.912110 0.567710 0.943360 0.509110 0.943360
0 0.388020 0.912110 0.446610 0.912110 0.446610 0.943360 0.388020 0.943360
0 0.220050 0.919920 0.276040 0.919920 0.276040 0.954100 0.220050 0.954100
0 0.606770 0.245120 0.667970 0.245120 0.667970 0.287110 0.606770 0.287110
0 0.606770 0.193360 0.667970 0.193360 0.667970 0.235350 0.606770 0.235350
0 0.759110 0.425780 0.846350 0.425780 0.846350 0.467770 0.759110 0.467770
0 0.759110 0.374020 0.846350 0.374020 0.846350 0.416990 0.759110 0.416990
0 0.759110 0.552730 0.846350 0.552730 0.846350 0.595700 0.759110 0.595700
0 0.759110 0.605470 0.846350 0.605470 0.846350 0.648440 0.759110 0.648440
0 0.759110 0.245120 0.846350 0.245120 0.846350 0.288090 0.759110 0.288090
0 0.760420 0.192380 0.847660 0.192380 0.847660 0.235350 0.760420 0.235350
0 0.760420 0.727540 0.846350 0.727540 0.846350 0.770510 0.760420 0.770510
0 0.760420 0.780270 0.846350 0.780270 0.846350 0.822270 0.760420 0.822270
