0 0.051758 0.086304 0.090820 0.086304 0.090820 0.142590 0.051758 0.142590
0 0.051758 0.170730 0.090820 0.170730 0.090820 0.227020 0.051758 0.227020
0 0.050781 0.258910 0.089844 0.258910 0.089844 0.313320 0.050781 0.313320
0 0.049805 0.394000 0.088867 0.394000 0.088867 0.450280 0.049805 0.450280
0 0.049805 0.478420 0.089844 0.478420 0.089844 0.532830 0.049805 0.532830
0 0.049805 0.562850 0.088867 0.562850 0.088867 0.619140 0.049805 0.619140
0 0.051758 0.868670 0.090820 0.868670 0.090820 0.924950 0.051758 0.924950
0 0.050781 0.784240 0.090820 0.784240 0.090820 0.840530 0.050781 0.840530
0 0.050781 0.697940 0.089844 0.697940 0.089844 0.754220 0.050781 0.754220
0 0.129880 0.863040 0.183590 0.863040 0.183590 0.921200 0.129880 0.921200
0 0.130860 0.782360 0.183590 0.782360 0.183590 0.842400 0.130860 0.842400
0 0.129880 0.701690 0.183590 0.701690 0.183590 0.761730 0.129880 0.761730
0 0.128910 0.559100 0.182620 0.559100 0.182620 0.617260 0.128910 0.617260
0 0.129880 0.474670 0.183590 0.474670 0.183590 0.534710 0.129880 0.534710
0 0.128910 0.394000 0.182620 0.394000 0.182620 0.454030 0.128910 0.454030
0 0.129880 0.247650 0.183590 0.247650 0.183590 0.307690 0.129880 0.307690
0 0.130860 0.170730 0.184570 0.170730 0.184570 0.228890 0.130860 0.228890
0 0.131840 0.088180 0.185550 0.088180 0.185550 0.146340 0.131840 0.146340
0 0.212890 0.086304 0.262700 0.086304 0.262700 0.144470 0.212890 0.144470
0 0.210940 0.166980 0.260740 0.166980 0.260740 0.225140 0.210940 0.225140
0 0.210940 0.249530 0.260740 0.249530 0.260740 0.307690 0.210940 0.307690
0 0.212890 0.395870 0.262700 0.395870 0.262700 0.454030 0.212890 0.454030
0 0.211910 0.474670 0.261720 0.474670 0.261720 0.532830 0.211910 0.532830
0 0.210940 0.559100 0.260740 0.559100 0.260740 0.617260 0.210940 0.617260
0 0.210940 0.703560 0.260740 0.703560 0.260740 0.761730 0.210940 0.761730
0 0.210940 0.782360 0.260740 0.782360 0.260740 0.840530 0.210940 0.840530
0 0.211910 0.864920 0.261720 0.864920 0.261720 0.923080 0.211910 0.923080
0 0.290040 0.864920 0.340820 0.864920 0.340820 0.921200 0.290040 0.921200
0 0.290040 0.782360 0.340820 0.782360 0.340820 0.840530 0.290040 0.840530
0 0.289060 0.701690 0.338870 0.701690 0.338870 0.759850 0.289060 0.759850
0 0.289060 0.557220 0.338870 0.557220 0.338870 0.615380 0.289060 0.615380
0 0.289060 0.472800 0.338870 0.472800 0.338870 0.530960 0.289060 0.530960
0 0.290040 0.392120 0.339840 0.392120 0.339840 0.450280 0.290040 0.450280
0 0.290040 0.245780 0.340820 0.245780 0.340820 0.303940 0.290040 0.303940
0 0.291990 0.159470 0.341800 0.159470 0.341800 0.221390 0.291990 0.221390
0 0.291020 0.078799 0.343750 0.078799 0.343750 0.138840 0.291020 0.138840
0 0.371090 0.076923 0.424800 0.076923 0.424800 0.138840 0.371090 0.138840
0 0.371090 0.157600 0.424800 0.157600 0.424800 0.217640 0.371090 0.217640
0 0.370120 0.240150 0.423830 0.240150 0.423830 0.300190 0.370120 0.300190
0 0.370120 0.386490 0.423830 0.386490 0.423830 0.446530 0.370120 0.446530
0 0.370120 0.467170 0.423830 0.467170 0.423830 0.529080 0.370120 0.529080
0 0.369140 0.551590 0.421880 0.551590 0.421880 0.613510 0.369140 0.613510
0 0.368160 0.699810 0.420900 0.699810 0.420900 0.759850 0.368160 0.759850
0 0.369140 0.782360 0.421880 0.782360 0.421880 0.842400 0.369140 0.842400
0 0.370120 0.864920 0.423830 0.864920 0.423830 0.924950 0.370120 0.924950
0 0.453120 0.866790 0.505860 0.866790 0.505860 0.928710 0.453120 0.928710
0 0.453120 0.780490 0.507810 0.780490 0.507810 0.844280 0.453120 0.844280
0 0.452150 0.697940 0.506840 0.697940 0.506840 0.759850 0.452150 0.759850
0 0.452150 0.549720 0.506840 0.549720 0.506840 0.613510 0.452150 0.613510
0 0.453120 0.467170 0.507810 0.467170 0.507810 0.529080 0.453120 0.529080
0 0.539060 0.551590 0.593750 0.551590 0.593750 0.613510 0.539060 0.613510
0 0.538090 0.696060 0.592770 0.696060 0.592770 0.757970 0.538090 0.757970
0 0.537110 0.780490 0.591800 0.780490 0.591800 0.844280 0.537110 0.844280
0 0.537110 0.864920 0.591800 0.864920 0.591800 0.926830 0.537110 0.926830
0 0.454100 0.382740 0.508790 0.382740 0.508790 0.444650 0.454100 0.444650
0 0.456050 0.242030 0.510740 0.242030 0.510740 0.303940 0.456050 0.303940
0 0.456050 0.159470 0.510740 0.159470 0.510740 0.221390 0.456050 0.221390
0 0.456050 0.075047 0.510740 0.075047 0.510740 0.136960 0.456050 0.136960
0 0.541990 0.076923 0.596680 0.076923 0.596680 0.140710 0.541990 0.140710
0 0.541020 0.157600 0.595700 0.157600 0.595700 0.219510 0.541020 0.219510
0 0.541990 0.242030 0.596680 0.242030 0.596680 0.303940 0.541990 0.303940
0 0.540040 0.384620 0.594730 0.384620 0.594730 0.446530 0.540040 0.446530
0 0.540040 0.469040 0.594730 0.469040 0.594730 0.530960 0.540040 0.530960
0 0.624020 0.076923 0.678710 0.076923 0.678710 0.140710 0.624020 0.140710
0 0.624020 0.161350 0.678710 0.161350 0.678710 0.223260 0.624020 0.223260
0 0.625980 0.242030 0.680660 0.242030 0.680660 0.303940 0.625980 0.303940
0 0.625000 0.386490 0.679690 0.386490 0.679690 0.448410 0.625000 0.448410
0 0.625000 0.470920 0.679690 0.470920 0.679690 0.532830 0.625000 0.532830
0 0.624020 0.553470 0.678710 0.553470 0.678710 0.615380 0.624020 0.615380
0 0.622070 0.697940 0.676760 0.697940 0.676760 0.759850 0.622070 0.759850
0 0.621090 0.780490 0.675780 0.780490 0.675780 0.842400 0.621090 0.842400
0 0.622070 0.863040 0.676760 0.863040 0.676760 0.924950 0.622070 0.924950
0 0.707030 0.080675 0.760740 0.080675 0.760740 0.144470 0.707030 0.144470
0 0.707030 0.159470 0.760740 0.159470 0.760740 0.223260 0.707030 0.223260
0 0.708010 0.242030 0.761720 0.242030 0.761720 0.305820 0.708010 0.305820
0 0.708980 0.382740 0.761720 0.382740 0.761720 0.444650 0.708980 0.444650
0 0.708980 0.469040 0.761720 0.469040 0.761720 0.532830 0.708980 0.532830
0 0.708010 0.551590 0.761720 0.551590 0.761720 0.615380 0.708010 0.615380
0 0.707030 0.863040 0.759770 0.863040 0.759770 0.926830 0.707030 0.926830
0 0.708980 0.778610 0.762700 0.778610 0.762700 0.842400 0.708980 0.842400
0 0.708010 0.694180 0.761720 0.694180 0.761720 0.757970 0.708010 0.757970
0 0.802730 0.095685 0.864260 0.095685 0.864260 0.307690 0.802730 0.307690
0 0.802730 0.392120 0.864260 0.392120 0.864260 0.619140 0.802730 0.619140
0 0.799800 0.703560 0.864260 0.703560 0.864260 0.840530 0.799800 0.840530
0 0.816410 0.887430 0.856450 0.887430 0.856450 0.958720 0.816410 0.958720
