0 0.134770 0.075000 0.259770 0.075000 0.259770 0.142860 0.134770 0.142860
0 0.133790 0.245240 0.258790 0.245240 0.258790 0.325000 0.133790 0.325000
0 0.133790 0.420240 0.258790 0.420240 0.258790 0.500000 0.133790 0.500000
0 0.137700 0.584520 0.262700 0.584520 0.262700 0.664290 0.137700 0.664290
0 0.134770 0.733330 0.259770 0.733330 0.259770 0.813100 0.134770 0.813100
0 0.135740 0.886900 0.260740 0.886900 0.260740 0.966670 0.135740 0.966670
0 0.351560 0.883330 0.475590 0.883330 0.475590 0.963100 0.351560 0.963100
0 0.343750 0.736900 0.477540 0.736900 0.477540 0.816670 0.343750 0.816670
0 0.345700 0.582140 0.478520 0.582140 0.478520 0.663100 0.345700 0.663100
0 0.340820 0.421430 0.472660 0.421430 0.472660 0.502380 0.340820 0.502380
0 0.341800 0.244050 0.473630 0.244050 0.473630 0.325000 0.341800 0.325000
0 0.335940 0.063095 0.468750 0.063095 0.468750 0.144050 0.335940 0.144050
0 0.562500 0.884520 0.715820 0.884520 0.715820 0.966670 0.562500 0.966670
0 0.558590 0.738100 0.712890 0.738100 0.712890 0.820240 0.558590 0.820240
0 0.562500 0.583330 0.715820 0.583330 0.715820 0.666670 0.562500 0.666670
0 0.560550 0.421430 0.714840 0.421430 0.714840 0.504760 0.560550 0.504760
0 0.555660 0.239290 0.708980 0.239290 0.708980 0.322620 0.555660 0.322620
0 0.555660 0.061905 0.709960 0.061905 0.709960 0.144050 0.555660 0.144050
