0 0.126950 0.080201 0.217770 0.080201 0.217770 0.197990 0.126950 0.197990
0 0.129880 0.325810 0.219730 0.325810 0.219730 0.443610 0.129880 0.443610
0 0.132810 0.566420 0.223630 0.566420 0.223630 0.684210 0.132810 0.684210
0 0.130860 0.809520 0.221680 0.809520 0.221680 0.927320 0.130860 0.927320
0 0.300780 0.077694 0.391600 0.077694 0.391600 0.195490 0.300780 0.195490
0 0.300780 0.323310 0.391600 0.323310 0.391600 0.443610 0.300780 0.443610
0 0.297850 0.558900 0.388670 0.558900 0.388670 0.676690 0.297850 0.676690
0 0.301760 0.812030 0.392580 0.812030 0.392580 0.929820 0.301760 0.929820
0 0.465820 0.082707 0.562500 0.082707 0.562500 0.203010 0.465820 0.203010
0 0.466800 0.323310 0.563480 0.323310 0.563480 0.443610 0.466800 0.443610
0 0.464840 0.571430 0.562500 0.571430 0.562500 0.689220 0.464840 0.689220
0 0.468750 0.812030 0.565430 0.812030 0.565430 0.932330 0.468750 0.932330
0 0.643550 0.809520 0.746090 0.809520 0.746090 0.927320 0.643550 0.927320
0 0.644530 0.571430 0.747070 0.571430 0.747070 0.689220 0.644530 0.689220
0 0.644530 0.328320 0.747070 0.328320 0.747070 0.448620 0.644530 0.448620
0 0.642580 0.082707 0.744140 0.082707 0.744140 0.203010 0.642580 0.203010
