0 0.302110 0.404300 0.390500 0.404300 0.390500 0.442380 0.302110 0.442380
0 0.300790 0.484380 0.389180 0.484380 0.389180 0.522460 0.300790 0.522460
0 0.300790 0.565430 0.398420 0.565430 0.398420 0.600590 0.300790 0.600590
0 0.302110 0.643550 0.390500 0.643550 0.390500 0.679690 0.302110 0.679690
0 0.304750 0.721680 0.393140 0.721680 0.393140 0.757810 0.304750 0.757810
0 0.312660 0.946290 0.401060 0.946290 0.401060 0.982420 0.312660 0.982420
0 0.461740 0.949220 0.555410 0.949220 0.555410 0.984380 0.461740 0.984380
0 0.457780 0.723630 0.550130 0.723630 0.550130 0.758790 0.457780 0.758790
0 0.457780 0.645510 0.550130 0.645510 0.550130 0.680660 0.457780 0.680660
0 0.459100 0.565430 0.551450 0.565430 0.551450 0.600590 0.459100 0.600590
0 0.459100 0.487300 0.551450 0.487300 0.551450 0.522460 0.459100 0.522460
0 0.459100 0.406250 0.551450 0.406250 0.551450 0.441410 0.459100 0.441410
0 0.627970 0.565430 0.732190 0.565430 0.732190 0.603520 0.627970 0.603520
0 0.629290 0.404300 0.733510 0.404300 0.733510 0.441410 0.629290 0.441410
0 0.308710 0.034180 0.397100 0.034180 0.397100 0.053711 0.308710 0.053711
0 0.308710 0.063477 0.397100 0.063477 0.397100 0.083008 0.308710 0.083008
0 0.308710 0.151370 0.397100 0.151370 0.397100 0.170900 0.308710 0.170900
0 0.307390 0.179690 0.395780 0.179690 0.395780 0.199220 0.307390 0.199220
0 0.296830 0.256840 0.385220 0.256840 0.385220 0.276370 0.296830 0.276370
0 0.296830 0.287110 0.397100 0.287110 0.397100 0.315430 0.296830 0.315430
0 0.296830 0.324220 0.386540 0.324220 0.386540 0.343750 0.296830 0.343750
0 0.464380 0.031250 0.559370 0.031250 0.559370 0.053711 0.464380 0.053711
0 0.464380 0.061523 0.559370 0.061523 0.559370 0.083008 0.464380 0.083008
0 0.464380 0.149410 0.559370 0.149410 0.559370 0.170900 0.464380 0.170900
0 0.464380 0.178710 0.559370 0.178710 0.559370 0.200200 0.464380 0.200200
0 0.456460 0.256840 0.551450 0.256840 0.551450 0.277340 0.456460 0.277340
0 0.456460 0.288090 0.551450 0.288090 0.551450 0.314450 0.456460 0.314450
0 0.457780 0.324220 0.552770 0.324220 0.552770 0.344730 0.457780 0.344730
0 0.627970 0.257810 0.724270 0.257810 0.724270 0.276370 0.627970 0.276370
0 0.629290 0.325200 0.724270 0.325200 0.724270 0.344730 0.629290 0.344730
0 0.627970 0.287110 0.720320 0.287110 0.720320 0.314450 0.627970 0.314450
0 0.302110 0.815430 0.375990 0.815430 0.375990 0.833980 0.302110 0.833980
0 0.304750 0.877930 0.378630 0.877930 0.378630 0.895510 0.304750 0.895510
0 0.303430 0.841800 0.373350 0.841800 0.373350 0.868160 0.303430 0.868160
0 0.456460 0.817380 0.548810 0.817380 0.548810 0.836910 0.456460 0.836910
0 0.455150 0.878910 0.547490 0.878910 0.547490 0.898440 0.455150 0.898440
0 0.456460 0.844730 0.548810 0.844730 0.548810 0.871090 0.456460 0.871090
0 0.626650 0.485350 0.730870 0.485350 0.730870 0.523440 0.626650 0.523440
0 0.637200 0.033203 0.742740 0.033203 0.742740 0.082031 0.637200 0.082031
0 0.634560 0.150390 0.740110 0.150390 0.740110 0.199220 0.634560 0.199220
0 0.635880 0.097656 0.740110 0.097656 0.740110 0.132810 0.635880 0.132810
0 0.064644 0.552730 0.129290 0.552730 0.129290 0.612300 0.064644 0.612300
0 0.025066 0.418950 0.050132 0.418950 0.050132 0.450200 0.025066 0.450200
0 0.032982 0.705080 0.058047 0.705080 0.058047 0.736330 0.032982 0.736330
0 0.808710 0.405270 0.857520 0.405270 0.857520 0.522460 0.808710 0.522460
0 0.803430 0.649410 0.853560 0.649410 0.853560 0.759770 0.803430 0.759770
0 0.800790 0.821290 0.843010 0.821290 0.843010 0.905270 0.800790 0.905270
1 0.857520 0.560550 0.994720 0.560550 0.994720 0.614260 0.857520 0.614260
1 0.870710 0.106450 0.997360 0.106450 0.997360 0.194340 0.870710 0.194340
1 0.870710 0.254880 0.997360 0.254880 0.997360 0.343750 0.870710 0.343750
