0 0.156250 0.310340 0.269530 0.310340 0.269530 0.410920 0.156250 0.410920
0 0.153320 0.554600 0.266600 0.554600 0.266600 0.655170 0.153320 0.655170
0 0.153320 0.804600 0.266600 0.804600 0.266600 0.905170 0.153320 0.905170
0 0.380860 0.547410 0.520510 0.547410 0.520510 0.660920 0.380860 0.660920
0 0.381840 0.301720 0.521480 0.301720 0.521480 0.415230 0.381840 0.415230
0 0.381840 0.801720 0.521480 0.801720 0.521480 0.915230 0.381840 0.915230
0 0.648440 0.794540 0.811520 0.794540 0.811520 0.903740 0.648440 0.903740
0 0.653320 0.544540 0.811520 0.544540 0.811520 0.655170 0.653320 0.655170
0 0.149410 0.067529 0.271480 0.067529 0.271480 0.188220 0.149410 0.188220
0 0.377930 0.063218 0.524410 0.063218 0.524410 0.173850 0.377930 0.173850
0 0.648440 0.063218 0.794920 0.063218 0.794920 0.173850 0.648440 0.173850
1 0.645510 0.288790 0.869140 0.288790 0.869140 0.458330 0.645510 0.458330
