0 0.087891 0.155290 0.148440 0.155290 0.148440 0.187710 0.087891 0.187710
0 0.089844 0.112630 0.150390 0.112630 0.150390 0.145050 0.089844 0.145050
0 0.090820 0.068259 0.151370 0.068259 0.151370 0.098976 0.090820 0.098976
0 0.086914 0.252560 0.147460 0.252560 0.147460 0.283280 0.086914 0.283280
0 0.086914 0.298630 0.147460 0.298630 0.147460 0.329350 0.086914 0.329350
0 0.085938 0.343000 0.146480 0.343000 0.146480 0.375430 0.085938 0.375430
0 0.084961 0.441980 0.145510 0.441980 0.145510 0.474400 0.084961 0.474400
0 0.085938 0.484640 0.146480 0.484640 0.146480 0.515360 0.085938 0.515360
0 0.083984 0.535840 0.144530 0.535840 0.144530 0.566550 0.083984 0.566550
0 0.084961 0.633110 0.145510 0.633110 0.145510 0.663820 0.084961 0.663820
0 0.084961 0.677470 0.145510 0.677470 0.145510 0.708190 0.084961 0.708190
0 0.084961 0.723550 0.145510 0.723550 0.145510 0.755970 0.084961 0.755970
0 0.195310 0.063140 0.259770 0.063140 0.259770 0.093857 0.195310 0.093857
0 0.193360 0.109220 0.259770 0.109220 0.259770 0.138230 0.193360 0.138230
0 0.193360 0.153580 0.259770 0.153580 0.259770 0.182590 0.193360 0.182590
0 0.192380 0.242320 0.258790 0.242320 0.258790 0.279860 0.192380 0.279860
0 0.191410 0.291810 0.257810 0.291810 0.257810 0.329350 0.191410 0.329350
0 0.189450 0.334470 0.255860 0.334470 0.255860 0.370310 0.189450 0.370310
0 0.189450 0.433450 0.256840 0.433450 0.256840 0.469280 0.189450 0.469280
0 0.188480 0.481230 0.255860 0.481230 0.255860 0.517060 0.188480 0.517060
0 0.189450 0.523890 0.255860 0.523890 0.255860 0.561430 0.189450 0.561430
0 0.190430 0.720140 0.256840 0.720140 0.256840 0.755970 0.190430 0.755970
0 0.189450 0.672350 0.255860 0.672350 0.255860 0.708190 0.189450 0.708190
0 0.188480 0.626280 0.255860 0.626280 0.255860 0.663820 0.188480 0.663820
0 0.191410 0.817410 0.257810 0.817410 0.257810 0.854950 0.191410 0.854950
0 0.192380 0.865190 0.258790 0.865190 0.258790 0.901020 0.192380 0.901020
0 0.191410 0.912970 0.257810 0.912970 0.257810 0.948810 0.191410 0.948810
0 0.297850 0.911260 0.365230 0.911260 0.365230 0.947100 0.297850 0.947100
0 0.298830 0.865190 0.367190 0.865190 0.367190 0.901020 0.298830 0.901020
0 0.297850 0.815700 0.366210 0.815700 0.366210 0.851540 0.297850 0.851540
0 0.296880 0.718430 0.365230 0.718430 0.365230 0.754270 0.296880 0.754270
0 0.296880 0.672350 0.365230 0.672350 0.365230 0.709900 0.296880 0.709900
0 0.297850 0.622870 0.365230 0.622870 0.365230 0.660410 0.297850 0.660410
0 0.296880 0.523890 0.365230 0.523890 0.365230 0.559730 0.296880 0.559730
0 0.297850 0.477820 0.366210 0.477820 0.366210 0.513650 0.297850 0.513650
0 0.296880 0.431740 0.365230 0.431740 0.365230 0.467580 0.296880 0.467580
0 0.297850 0.334470 0.366210 0.334470 0.366210 0.372010 0.297850 0.372010
0 0.297850 0.286690 0.366210 0.286690 0.366210 0.324230 0.297850 0.324230
0 0.298830 0.244030 0.367190 0.244030 0.367190 0.279860 0.298830 0.279860
0 0.301760 0.104100 0.367190 0.104100 0.367190 0.136520 0.301760 0.136520
0 0.300780 0.146760 0.366210 0.146760 0.366210 0.179180 0.300780 0.179180
0 0.300780 0.059727 0.366210 0.059727 0.366210 0.093857 0.300780 0.093857
0 0.408200 0.058020 0.473630 0.058020 0.473630 0.090444 0.408200 0.090444
0 0.408200 0.098976 0.474610 0.098976 0.474610 0.134810 0.408200 0.134810
0 0.408200 0.146760 0.475590 0.146760 0.475590 0.180890 0.408200 0.180890
0 0.408200 0.238910 0.474610 0.238910 0.474610 0.274740 0.408200 0.274740
0 0.407230 0.286690 0.474610 0.286690 0.474610 0.322530 0.407230 0.322530
0 0.407230 0.331060 0.474610 0.331060 0.474610 0.366890 0.407230 0.366890
0 0.408200 0.431740 0.475590 0.431740 0.475590 0.465870 0.408200 0.465870
0 0.406250 0.476110 0.474610 0.476110 0.474610 0.510240 0.406250 0.510240
0 0.406250 0.527300 0.474610 0.527300 0.474610 0.561430 0.406250 0.561430
0 0.407230 0.622870 0.474610 0.622870 0.474610 0.657000 0.407230 0.657000
0 0.406250 0.668940 0.474610 0.668940 0.474610 0.703070 0.406250 0.703070
0 0.408200 0.716720 0.475590 0.716720 0.475590 0.752560 0.408200 0.752560
0 0.407230 0.815700 0.474610 0.815700 0.474610 0.851540 0.407230 0.851540
0 0.406250 0.863480 0.474610 0.863480 0.474610 0.899320 0.406250 0.899320
0 0.406250 0.912970 0.474610 0.912970 0.474610 0.948810 0.406250 0.948810
0 0.517580 0.912970 0.584960 0.912970 0.584960 0.947100 0.517580 0.947100
0 0.517580 0.865190 0.584960 0.865190 0.584960 0.899320 0.517580 0.899320
0 0.517580 0.815700 0.584960 0.815700 0.584960 0.851540 0.517580 0.851540
0 0.516600 0.715020 0.583980 0.715020 0.583980 0.749150 0.516600 0.749150
0 0.516600 0.670650 0.583980 0.670650 0.583980 0.704780 0.516600 0.704780
0 0.517580 0.624570 0.584960 0.624570 0.584960 0.658700 0.517580 0.658700
0 0.517580 0.522180 0.584960 0.522180 0.584960 0.558020 0.517580 0.558020
0 0.515620 0.474400 0.583010 0.474400 0.583010 0.510240 0.515620 0.510240
0 0.517580 0.428330 0.584960 0.428330 0.584960 0.464160 0.517580 0.464160
0 0.517580 0.334470 0.584960 0.334470 0.584960 0.370310 0.517580 0.370310
0 0.517580 0.284980 0.584960 0.284980 0.584960 0.320820 0.517580 0.320820
0 0.517580 0.238910 0.584960 0.238910 0.584960 0.273040 0.517580 0.273040
0 0.517580 0.146760 0.584960 0.146760 0.584960 0.180890 0.517580 0.180890
0 0.515620 0.102390 0.583010 0.102390 0.583010 0.138230 0.515620 0.138230
0 0.515620 0.054608 0.583010 0.054608 0.583010 0.090444 0.515620 0.090444
0 0.626950 0.911260 0.690430 0.911260 0.690430 0.945390 0.626950 0.945390
0 0.626950 0.863480 0.691410 0.863480 0.691410 0.897610 0.626950 0.897610
0 0.626950 0.817410 0.691410 0.817410 0.691410 0.853240 0.626950 0.853240
0 0.625980 0.716720 0.690430 0.716720 0.690430 0.750850 0.625980 0.750850
0 0.626950 0.670650 0.690430 0.670650 0.690430 0.706480 0.626950 0.706480
0 0.625980 0.621160 0.690430 0.621160 0.690430 0.657000 0.625980 0.657000
0 0.625000 0.522180 0.689450 0.522180 0.689450 0.556310 0.625000 0.556310
0 0.625000 0.477820 0.689450 0.477820 0.689450 0.513650 0.625000 0.513650
0 0.625000 0.428330 0.689450 0.428330 0.689450 0.464160 0.625000 0.464160
0 0.624020 0.329350 0.688480 0.329350 0.688480 0.363480 0.624020 0.363480
0 0.624020 0.284980 0.688480 0.284980 0.688480 0.319110 0.624020 0.319110
0 0.624020 0.238910 0.688480 0.238910 0.688480 0.274740 0.624020 0.274740
0 0.624020 0.102390 0.687500 0.102390 0.687500 0.136520 0.624020 0.136520
0 0.624020 0.054608 0.687500 0.054608 0.687500 0.088737 0.624020 0.088737
0 0.623050 0.146760 0.687500 0.146760 0.687500 0.177470 0.623050 0.177470
0 0.746090 0.095563 0.815430 0.095563 0.815430 0.138230 0.746090 0.138230
0 0.746090 0.042662 0.815430 0.042662 0.815430 0.085324 0.746090 0.085324
0 0.745120 0.146760 0.816410 0.146760 0.816410 0.170650 0.745120 0.170650
0 0.747070 0.336180 0.819340 0.336180 0.819340 0.360070 0.747070 0.360070
0 0.748050 0.525600 0.819340 0.525600 0.819340 0.549490 0.748050 0.549490
0 0.750000 0.721840 0.821290 0.721840 0.821290 0.745730 0.750000 0.745730
0 0.746090 0.283280 0.816410 0.283280 0.816410 0.325940 0.746090 0.325940
0 0.745120 0.225260 0.815430 0.225260 0.815430 0.267920 0.745120 0.267920
0 0.749020 0.411260 0.819340 0.411260 0.819340 0.453920 0.749020 0.453920
0 0.749020 0.472700 0.819340 0.472700 0.819340 0.515360 0.749020 0.515360
0 0.749020 0.662120 0.819340 0.662120 0.819340 0.704780 0.749020 0.704780
0 0.748050 0.604100 0.818360 0.604100 0.818360 0.646760 0.748050 0.646760
0 0.750980 0.803750 0.821290 0.803750 0.821290 0.846420 0.750980 0.846420
0 0.750000 0.856660 0.820310 0.856660 0.820310 0.897610 0.750000 0.897610
0 0.748050 0.919800 0.819340 0.919800 0.819340 0.943690 0.748050 0.943690
0 0.085938 0.911260 0.146480 0.911260 0.146480 0.943690 0.085938 0.943690
0 0.085938 0.825940 0.145510 0.825940 0.145510 0.902730 0.085938 0.902730
