0 0.044922 0.343490 0.074219 0.343490 0.074219 0.370560 0.044922 0.370560
0 0.044922 0.382400 0.074219 0.382400 0.074219 0.409480 0.044922 0.409480
0 0.045898 0.240270 0.076172 0.240270 0.076172 0.267340 0.045898 0.267340
0 0.045898 0.203050 0.076172 0.203050 0.076172 0.230120 0.045898 0.230120
0 0.047852 0.062606 0.077148 0.062606 0.077148 0.089679 0.047852 0.089679
0 0.043945 0.485620 0.073242 0.485620 0.073242 0.512690 0.043945 0.512690
0 0.044922 0.524530 0.074219 0.524530 0.074219 0.551610 0.044922 0.551610
0 0.044922 0.624370 0.075195 0.624370 0.075195 0.651440 0.044922 0.651440
0 0.045898 0.663280 0.075195 0.663280 0.075195 0.690360 0.045898 0.690360
0 0.046875 0.803720 0.076172 0.803720 0.076172 0.830800 0.046875 0.830800
0 0.045898 0.764810 0.076172 0.764810 0.076172 0.791880 0.045898 0.791880
0 0.047852 0.903550 0.077148 0.903550 0.077148 0.930630 0.047852 0.930630
0 0.047852 0.942470 0.077148 0.942470 0.077148 0.969540 0.047852 0.969540
0 0.141600 0.054146 0.191410 0.054146 0.191410 0.120140 0.141600 0.120140
0 0.140620 0.196280 0.190430 0.196280 0.190430 0.262270 0.140620 0.262270
0 0.140620 0.340100 0.189450 0.340100 0.189450 0.406090 0.140620 0.406090
0 0.138670 0.483930 0.188480 0.483930 0.188480 0.549920 0.138670 0.549920
0 0.141600 0.622670 0.191410 0.622670 0.191410 0.688660 0.141600 0.688660
0 0.139650 0.763110 0.189450 0.763110 0.189450 0.829100 0.139650 0.829100
0 0.141600 0.901860 0.191410 0.901860 0.191410 0.967850 0.141600 0.967850
0 0.227540 0.903550 0.277340 0.903550 0.277340 0.969540 0.227540 0.969540
0 0.224610 0.766500 0.274410 0.766500 0.274410 0.832490 0.224610 0.832490
0 0.224610 0.620980 0.274410 0.620980 0.274410 0.686970 0.224610 0.686970
0 0.223630 0.478850 0.273440 0.478850 0.273440 0.544840 0.223630 0.544840
0 0.224610 0.336720 0.274410 0.336720 0.274410 0.402710 0.224610 0.402710
0 0.229490 0.194590 0.278320 0.194590 0.278320 0.260580 0.229490 0.260580
0 0.229490 0.052453 0.278320 0.052453 0.278320 0.118440 0.229490 0.118440
0 0.317380 0.049069 0.367190 0.049069 0.367190 0.115060 0.317380 0.115060
0 0.314450 0.192890 0.364260 0.192890 0.364260 0.258880 0.314450 0.258880
0 0.312500 0.333330 0.362300 0.333330 0.362300 0.399320 0.312500 0.399320
0 0.311520 0.477160 0.361330 0.477160 0.361330 0.543150 0.311520 0.543150
0 0.311520 0.622670 0.361330 0.622670 0.361330 0.688660 0.311520 0.688660
0 0.313480 0.761420 0.363280 0.761420 0.363280 0.827410 0.313480 0.827410
0 0.314450 0.908630 0.364260 0.908630 0.364260 0.974620 0.314450 0.974620
0 0.401370 0.908630 0.451170 0.908630 0.451170 0.974620 0.401370 0.974620
0 0.400390 0.763110 0.449220 0.763110 0.449220 0.829100 0.400390 0.829100
0 0.401370 0.622670 0.451170 0.622670 0.451170 0.688660 0.401370 0.688660
0 0.402340 0.477160 0.452150 0.477160 0.452150 0.543150 0.402340 0.543150
0 0.401370 0.335030 0.451170 0.335030 0.451170 0.401020 0.401370 0.401020
0 0.403320 0.189510 0.453120 0.189510 0.453120 0.255500 0.403320 0.255500
0 0.405270 0.052453 0.455080 0.052453 0.455080 0.118440 0.405270 0.118440
0 0.487300 0.905250 0.537110 0.905250 0.537110 0.971240 0.487300 0.971240
0 0.487300 0.764810 0.537110 0.764810 0.537110 0.830800 0.487300 0.830800
0 0.489260 0.622670 0.539060 0.622670 0.539060 0.688660 0.489260 0.688660
0 0.490230 0.472080 0.540040 0.472080 0.540040 0.538070 0.490230 0.538070
0 0.491210 0.331640 0.541020 0.331640 0.541020 0.397630 0.491210 0.397630
0 0.493160 0.187820 0.541990 0.187820 0.541990 0.253810 0.493160 0.253810
0 0.494140 0.045685 0.542970 0.045685 0.542970 0.111680 0.494140 0.111680
0 0.578120 0.905250 0.627930 0.905250 0.627930 0.971240 0.578120 0.971240
0 0.577150 0.763110 0.626950 0.763110 0.626950 0.829100 0.577150 0.829100
0 0.579100 0.622670 0.628910 0.622670 0.628910 0.688660 0.579100 0.688660
0 0.580080 0.478850 0.629880 0.478850 0.629880 0.544840 0.580080 0.544840
0 0.580080 0.328260 0.629880 0.328260 0.629880 0.394250 0.580080 0.394250
0 0.582030 0.186130 0.631840 0.186130 0.631840 0.252120 0.582030 0.252120
0 0.583010 0.045685 0.632810 0.045685 0.632810 0.111680 0.583010 0.111680
0 0.663090 0.903550 0.712890 0.903550 0.712890 0.962770 0.663090 0.962770
0 0.666020 0.763110 0.714840 0.763110 0.714840 0.822340 0.666020 0.822340
0 0.665040 0.619290 0.714840 0.619290 0.714840 0.678510 0.665040 0.678510
0 0.666990 0.475470 0.716800 0.475470 0.716800 0.534690 0.666990 0.534690
0 0.667970 0.329950 0.717770 0.329950 0.717770 0.389170 0.667970 0.389170
0 0.668950 0.187820 0.718750 0.187820 0.718750 0.247040 0.668950 0.247040
0 0.667970 0.047377 0.717770 0.047377 0.717770 0.106600 0.667970 0.106600
0 0.758790 0.333330 0.807620 0.333330 0.807620 0.392550 0.758790 0.392550
0 0.754880 0.473770 0.804690 0.473770 0.804690 0.532990 0.754880 0.532990
0 0.755860 0.617600 0.805660 0.617600 0.805660 0.676820 0.755860 0.676820
0 0.753910 0.759730 0.803710 0.759730 0.803710 0.818950 0.753910 0.818950
0 0.754880 0.900170 0.803710 0.900170 0.803710 0.959390 0.754880 0.959390
0 0.755860 0.052453 0.805660 0.052453 0.805660 0.111680 0.755860 0.111680
0 0.842770 0.319800 0.919920 0.319800 0.919920 0.402710 0.842770 0.402710
0 0.842770 0.184430 0.918950 0.184430 0.918950 0.260580 0.842770 0.260580
0 0.841800 0.043993 0.918950 0.043993 0.918950 0.126900 0.841800 0.126900
0 0.844730 0.461930 0.920900 0.461930 0.920900 0.538070 0.844730 0.538070
0 0.842770 0.600680 0.918950 0.600680 0.918950 0.683590 0.842770 0.683590
0 0.843750 0.742810 0.919920 0.742810 0.919920 0.825720 0.843750 0.825720
0 0.838870 0.879860 0.915040 0.879860 0.915040 0.964470 0.838870 0.964470
0 0.960940 0.900170 0.997070 0.900170 0.997070 0.940780 0.960940 0.940780
0 0.962890 0.763110 0.999020 0.763110 0.999020 0.803720 0.962890 0.803720
0 0.963870 0.345180 1.000000 0.345180 1.000000 0.385790 0.963870 0.385790
0 0.963870 0.208120 0.999020 0.208120 0.999020 0.248730 0.963870 0.248730
0 0.962890 0.072758 0.998050 0.072758 0.998050 0.113370 0.962890 0.113370
