0 0.104490 0.233890 0.140620 0.233890 0.140620 0.292820 0.104490 0.292820
0 0.107420 0.313080 0.142580 0.313080 0.142580 0.372010 0.107420 0.372010
0 0.107420 0.438310 0.144530 0.438310 0.144530 0.491710 0.107420 0.491710
0 0.107420 0.515650 0.144530 0.515650 0.144530 0.570900 0.107420 0.570900
0 0.110350 0.637200 0.148440 0.637200 0.148440 0.690610 0.110350 0.690610
0 0.111330 0.710870 0.149410 0.710870 0.149410 0.766110 0.111330 0.766110
0 0.178710 0.235730 0.213870 0.235730 0.213870 0.292820 0.178710 0.292820
0 0.181640 0.313080 0.216800 0.313080 0.216800 0.368320 0.181640 0.368320
0 0.180660 0.434620 0.215820 0.434620 0.215820 0.491710 0.180660 0.491710
0 0.182620 0.515650 0.217770 0.515650 0.217770 0.570900 0.182620 0.570900
0 0.184570 0.637200 0.218750 0.637200 0.218750 0.692450 0.184570 0.692450
0 0.184570 0.714550 0.219730 0.714550 0.219730 0.769800 0.184570 0.769800
0 0.257810 0.710870 0.292970 0.710870 0.292970 0.767960 0.257810 0.767960
0 0.256840 0.639040 0.291990 0.639040 0.291990 0.696130 0.256840 0.696130
0 0.257810 0.513810 0.292970 0.513810 0.292970 0.570900 0.257810 0.570900
0 0.255860 0.436460 0.291020 0.436460 0.291020 0.491710 0.255860 0.491710
0 0.255860 0.314920 0.291020 0.314920 0.291020 0.372010 0.255860 0.372010
0 0.256840 0.233890 0.291990 0.233890 0.291990 0.290980 0.256840 0.290980
0 0.329100 0.237570 0.364260 0.237570 0.364260 0.292820 0.329100 0.292820
0 0.329100 0.316760 0.364260 0.316760 0.364260 0.372010 0.329100 0.372010
0 0.331050 0.438310 0.366210 0.438310 0.366210 0.493550 0.331050 0.493550
0 0.331050 0.517500 0.366210 0.517500 0.366210 0.572740 0.331050 0.572740
0 0.329100 0.637200 0.364260 0.637200 0.364260 0.692450 0.329100 0.692450
0 0.330080 0.709020 0.365230 0.709020 0.365230 0.766110 0.330080 0.766110
0 0.333010 0.874770 0.368160 0.874770 0.368160 0.933700 0.333010 0.933700
0 0.261720 0.878450 0.296880 0.878450 0.296880 0.933700 0.261720 0.933700
0 0.256840 0.060773 0.291990 0.060773 0.291990 0.121550 0.256840 0.121550
0 0.329100 0.060773 0.364260 0.060773 0.364260 0.125230 0.329100 0.125230
0 0.406250 0.069982 0.441410 0.069982 0.441410 0.125230 0.406250 0.125230
0 0.480470 0.064457 0.515620 0.064457 0.515620 0.127070 0.480470 0.127070
0 0.554690 0.071823 0.589840 0.071823 0.589840 0.128910 0.554690 0.128910
0 0.627930 0.073665 0.663090 0.073665 0.663090 0.130760 0.627930 0.130760
0 0.404300 0.239410 0.439450 0.239410 0.439450 0.296500 0.404300 0.296500
0 0.404300 0.316760 0.439450 0.316760 0.439450 0.372010 0.404300 0.372010
0 0.478520 0.320440 0.513670 0.320440 0.513670 0.375690 0.478520 0.375690
0 0.478520 0.239410 0.513670 0.239410 0.513670 0.296500 0.478520 0.296500
0 0.552730 0.237570 0.587890 0.237570 0.587890 0.294660 0.552730 0.294660
0 0.553710 0.320440 0.588870 0.320440 0.588870 0.375690 0.553710 0.375690
0 0.405270 0.436460 0.440430 0.436460 0.440430 0.493550 0.405270 0.493550
0 0.404300 0.517500 0.439450 0.517500 0.439450 0.574590 0.404300 0.574590
0 0.406250 0.635360 0.441410 0.635360 0.441410 0.692450 0.406250 0.692450
0 0.405270 0.714550 0.440430 0.714550 0.440430 0.771640 0.405270 0.771640
0 0.405270 0.872930 0.442380 0.872930 0.442380 0.937380 0.405270 0.937380
0 0.478520 0.872930 0.515620 0.872930 0.515620 0.935540 0.478520 0.935540
0 0.478520 0.712710 0.513670 0.712710 0.513670 0.769800 0.478520 0.769800
0 0.478520 0.639040 0.513670 0.639040 0.513670 0.694290 0.478520 0.694290
0 0.478520 0.515650 0.513670 0.515650 0.513670 0.570900 0.478520 0.570900
0 0.479490 0.441990 0.514650 0.441990 0.514650 0.497240 0.479490 0.497240
0 0.551760 0.878450 0.586910 0.878450 0.586910 0.933700 0.551760 0.933700
0 0.552730 0.718230 0.587890 0.718230 0.587890 0.773480 0.552730 0.773480
0 0.552730 0.635360 0.587890 0.635360 0.587890 0.692450 0.552730 0.692450
0 0.551760 0.517500 0.586910 0.517500 0.586910 0.572740 0.551760 0.572740
0 0.553710 0.440150 0.588870 0.440150 0.588870 0.497240 0.553710 0.497240
0 0.695310 0.872930 0.730470 0.872930 0.730470 0.930020 0.695310 0.930020
0 0.624020 0.878450 0.659180 0.878450 0.659180 0.935540 0.624020 0.935540
0 0.700200 0.079190 0.735350 0.079190 0.735350 0.136280 0.700200 0.136280
0 0.776370 0.084715 0.817380 0.084715 0.817380 0.141800 0.776370 0.141800
0 0.776370 0.084715 0.829100 0.084715 0.829100 0.141800 0.776370 0.141800
0 0.769530 0.872930 0.809570 0.872930 0.809570 0.928180 0.769530 0.928180
0 0.700200 0.263350 0.736330 0.263350 0.736330 0.366480 0.700200 0.366480
0 0.625980 0.261510 0.666020 0.261510 0.666020 0.359120 0.625980 0.359120
0 0.625980 0.460410 0.666990 0.460410 0.666990 0.558010 0.625980 0.558010
0 0.623050 0.655620 0.664060 0.655620 0.664060 0.753220 0.623050 0.753220
0 0.696290 0.653780 0.736330 0.653780 0.736330 0.753220 0.696290 0.753220
0 0.696290 0.462250 0.737300 0.462250 0.737300 0.561690 0.696290 0.561690
0 0.773440 0.268880 0.821290 0.268880 0.821290 0.362800 0.773440 0.362800
0 0.772460 0.464090 0.824220 0.464090 0.824220 0.558010 0.772460 0.558010
0 0.771480 0.655620 0.823240 0.655620 0.823240 0.749540 0.771480 0.749540
0 0.039062 0.465930 0.065430 0.465930 0.065430 0.513810 0.039062 0.513810
0 0.038086 0.349910 0.064453 0.349910 0.064453 0.397790 0.038086 0.397790
0 0.035156 0.279930 0.061523 0.279930 0.061523 0.327810 0.035156 0.327810
0 0.040039 0.532230 0.066406 0.532230 0.066406 0.580110 0.040039 0.580110
0 0.041992 0.646410 0.069336 0.646410 0.069336 0.694290 0.041992 0.694290
0 0.042969 0.718230 0.069336 0.718230 0.069336 0.766110 0.042969 0.766110
1 0.931640 0.079190 0.990230 0.079190 0.990230 0.152850 0.931640 0.152850
1 0.920900 0.860040 0.973630 0.860040 0.973630 0.930020 0.920900 0.930020
1 0.870120 0.263350 0.977540 0.263350 0.977540 0.384900 0.870120 0.384900
1 0.868160 0.453040 0.974610 0.453040 0.974610 0.574590 0.868160 0.574590
1 0.867190 0.639040 0.973630 0.639040 0.973630 0.760590 0.867190 0.760590
