0 0.124880 0.095703 0.211790 0.095703 0.211790 0.140620 0.124880 0.140620
0 0.123880 0.206050 0.209790 0.206050 0.209790 0.252930 0.123880 0.252930
0 0.302700 0.206050 0.385610 0.206050 0.385610 0.253910 0.302700 0.253910
0 0.301700 0.094727 0.386610 0.094727 0.386610 0.144530 0.301700 0.144530
0 0.123880 0.319340 0.209790 0.319340 0.209790 0.364260 0.123880 0.364260
0 0.126870 0.426760 0.206790 0.426760 0.206790 0.473630 0.126870 0.473630
0 0.128870 0.535160 0.208790 0.535160 0.208790 0.582030 0.128870 0.582030
0 0.299700 0.317380 0.385610 0.317380 0.385610 0.365230 0.299700 0.365230
0 0.301700 0.425780 0.385610 0.425780 0.385610 0.475590 0.301700 0.475590
0 0.302700 0.535160 0.388610 0.535160 0.388610 0.583980 0.302700 0.583980
0 0.476520 0.317380 0.563440 0.317380 0.563440 0.366210 0.476520 0.366210
0 0.475520 0.425780 0.563440 0.425780 0.563440 0.475590 0.475520 0.475590
0 0.477520 0.534180 0.563440 0.534180 0.563440 0.582030 0.477520 0.582030
0 0.653350 0.316410 0.746250 0.316410 0.746250 0.363280 0.653350 0.363280
0 0.653350 0.425780 0.746250 0.425780 0.746250 0.472660 0.653350 0.472660
0 0.653350 0.533200 0.746250 0.533200 0.746250 0.580080 0.653350 0.580080
0 0.477520 0.095703 0.563440 0.095703 0.563440 0.145510 0.477520 0.145510
0 0.476520 0.206050 0.562440 0.206050 0.562440 0.256840 0.476520 0.256840
0 0.654350 0.095703 0.746250 0.095703 0.746250 0.143550 0.654350 0.143550
0 0.653350 0.206050 0.744260 0.206050 0.744260 0.255860 0.653350 0.255860
0 0.834170 0.206050 0.921080 0.206050 0.921080 0.252930 0.834170 0.252930
0 0.835160 0.315430 0.921080 0.315430 0.921080 0.361330 0.835160 0.361330
1 0.841160 0.086914 0.990010 0.086914 0.990010 0.152340 0.841160 0.152340
0 0.833170 0.424800 0.921080 0.424800 0.921080 0.478520 0.833170 0.478520
0 0.834170 0.534180 0.921080 0.534180 0.921080 0.580080 0.834170 0.580080
0 0.185810 0.694340 0.264740 0.694340 0.264740 0.740230 0.185810 0.740230
0 0.182820 0.804690 0.262740 0.804690 0.262740 0.850590 0.182820 0.850590
0 0.186810 0.914060 0.266730 0.914060 0.266730 0.959960 0.186810 0.959960
0 0.350650 0.695310 0.442560 0.695310 0.442560 0.743160 0.350650 0.743160
0 0.350650 0.805660 0.442560 0.805660 0.442560 0.853520 0.350650 0.853520
0 0.349650 0.914060 0.441560 0.914060 0.441560 0.961910 0.349650 0.961910
0 0.525470 0.697270 0.616380 0.697270 0.616380 0.747070 0.525470 0.747070
0 0.523480 0.807620 0.614390 0.807620 0.614390 0.857420 0.523480 0.857420
0 0.703300 0.693360 0.797200 0.693360 0.797200 0.743160 0.703300 0.743160
0 0.703300 0.804690 0.796200 0.804690 0.796200 0.853520 0.703300 0.853520
1 0.933070 0.682620 0.999000 0.682620 0.999000 0.749020 0.933070 0.749020
0 0.888110 0.681640 0.925070 0.681640 0.925070 0.751950 0.888110 0.751950
