0 0.114990 0.068359 0.191990 0.068359 0.191990 0.093750 0.114990 0.093750
0 0.113960 0.104490 0.191990 0.104490 0.191990 0.131840 0.113960 0.131840
0 0.278230 0.069336 0.365500 0.069336 0.365500 0.132810 0.278230 0.132810
0 0.282340 0.218750 0.369610 0.218750 0.369610 0.253910 0.282340 0.253910
0 0.281310 0.280270 0.369610 0.280270 0.369610 0.318360 0.281310 0.318360
0 0.120120 0.218750 0.198150 0.218750 0.198150 0.254880 0.120120 0.254880
0 0.120120 0.281250 0.198150 0.281250 0.198150 0.318360 0.120120 0.318360
0 0.121150 0.388670 0.198150 0.388670 0.198150 0.427730 0.121150 0.427730
0 0.121150 0.468750 0.198150 0.468750 0.198150 0.508790 0.121150 0.508790
0 0.121150 0.547850 0.198150 0.547850 0.198150 0.587890 0.121150 0.587890
0 0.282340 0.389650 0.369610 0.389650 0.369610 0.427730 0.282340 0.427730
0 0.282340 0.468750 0.369610 0.468750 0.369610 0.508790 0.282340 0.508790
0 0.283370 0.548830 0.369610 0.548830 0.369610 0.587890 0.283370 0.587890
0 0.121150 0.657230 0.197130 0.657230 0.197130 0.695310 0.121150 0.695310
0 0.121150 0.720700 0.197130 0.720700 0.197130 0.758790 0.121150 0.758790
0 0.283370 0.658200 0.369610 0.658200 0.369610 0.696290 0.283370 0.696290
0 0.282340 0.719730 0.369610 0.719730 0.369610 0.758790 0.282340 0.758790
0 0.629360 0.660160 0.711500 0.660160 0.711500 0.701170 0.629360 0.701170
0 0.628340 0.722660 0.710470 0.722660 0.710470 0.763670 0.628340 0.763670
0 0.448670 0.721680 0.540040 0.721680 0.540040 0.759770 0.448670 0.759770
0 0.449690 0.658200 0.540040 0.658200 0.540040 0.697270 0.449690 0.697270
0 0.631420 0.548830 0.710470 0.548830 0.710470 0.592770 0.631420 0.592770
0 0.630390 0.470700 0.710470 0.470700 0.710470 0.511720 0.630390 0.511720
0 0.449690 0.548830 0.540040 0.548830 0.540040 0.591800 0.449690 0.591800
0 0.449690 0.471680 0.540040 0.471680 0.540040 0.507810 0.449690 0.507810
0 0.449690 0.389650 0.541070 0.389650 0.541070 0.429690 0.449690 0.429690
0 0.449690 0.281250 0.540040 0.281250 0.540040 0.318360 0.449690 0.318360
0 0.449690 0.219730 0.541070 0.219730 0.541070 0.256840 0.449690 0.256840
0 0.630390 0.221680 0.711500 0.221680 0.711500 0.259770 0.630390 0.259770
0 0.630390 0.283200 0.711500 0.283200 0.711500 0.320310 0.630390 0.320310
0 0.631420 0.390620 0.711500 0.390620 0.711500 0.430660 0.631420 0.430660
0 0.795690 0.222660 0.889120 0.222660 0.889120 0.262700 0.795690 0.262700
0 0.795690 0.285160 0.890140 0.285160 0.890140 0.324220 0.795690 0.324220
0 0.793630 0.387700 0.889120 0.387700 0.889120 0.433590 0.793630 0.433590
0 0.792610 0.555660 0.889120 0.555660 0.889120 0.595700 0.792610 0.595700
0 0.795690 0.662110 0.890140 0.662110 0.890140 0.701170 0.795690 0.701170
0 0.795690 0.724610 0.891170 0.724610 0.891170 0.761720 0.795690 0.761720
0 0.446610 0.070312 0.536960 0.070312 0.536960 0.133790 0.446610 0.133790
0 0.625260 0.072266 0.708420 0.072266 0.708420 0.097656 0.625260 0.097656
0 0.626280 0.111330 0.708420 0.111330 0.708420 0.134770 0.626280 0.134770
0 0.780290 0.072266 0.890140 0.072266 0.890140 0.136720 0.780290 0.136720
0 0.117040 0.850590 0.191990 0.850590 0.191990 0.877930 0.117040 0.877930
0 0.117040 0.888670 0.191990 0.888670 0.191990 0.917970 0.117040 0.917970
0 0.280290 0.848630 0.366530 0.848630 0.366530 0.913090 0.280290 0.913090
0 0.449690 0.850590 0.539010 0.850590 0.539010 0.915040 0.449690 0.915040
0 0.627310 0.851560 0.709450 0.851560 0.709450 0.877930 0.627310 0.877930
0 0.628340 0.888670 0.708420 0.888670 0.708420 0.916990 0.628340 0.916990
0 0.780290 0.854490 0.890140 0.854490 0.890140 0.924800 0.780290 0.924800
1 0.805950 0.465820 0.977410 0.465820 0.977410 0.521480 0.805950 0.521480
