0 0.173830 0.044543 0.229490 0.044543 0.229490 0.140310 0.173830 0.140310
0 0.172850 0.162580 0.228520 0.162580 0.228520 0.258350 0.172850 0.258350
0 0.172850 0.282850 0.228520 0.282850 0.228520 0.378620 0.172850 0.378620
0 0.172850 0.400890 0.228520 0.400890 0.228520 0.494430 0.172850 0.494430
0 0.174800 0.514480 0.229490 0.514480 0.229490 0.610240 0.174800 0.610240
0 0.173830 0.632520 0.228520 0.632520 0.228520 0.728290 0.173830 0.728290
0 0.173830 0.752780 0.228520 0.752780 0.228520 0.846330 0.173830 0.846330
0 0.173830 0.870820 0.229490 0.870820 0.229490 0.966590 0.173830 0.966590
0 0.261720 0.044543 0.310550 0.044543 0.310550 0.135860 0.261720 0.135860
0 0.260740 0.162580 0.309570 0.162580 0.309570 0.256120 0.260740 0.256120
0 0.260740 0.280620 0.309570 0.280620 0.309570 0.371940 0.260740 0.371940
0 0.260740 0.396440 0.309570 0.396440 0.309570 0.489980 0.260740 0.489980
0 0.260740 0.514480 0.308590 0.514480 0.308590 0.608020 0.260740 0.608020
0 0.260740 0.634740 0.309570 0.634740 0.309570 0.728290 0.260740 0.728290
0 0.261720 0.750560 0.310550 0.750560 0.310550 0.841870 0.261720 0.841870
0 0.262700 0.868600 0.310550 0.868600 0.310550 0.962140 0.262700 0.962140
0 0.343750 0.757240 0.394530 0.757240 0.394530 0.846330 0.343750 0.846330
0 0.343750 0.870820 0.394530 0.870820 0.394530 0.959910 0.343750 0.959910
0 0.343750 0.636970 0.393550 0.636970 0.393550 0.726060 0.343750 0.726060
0 0.342770 0.518930 0.393550 0.518930 0.393550 0.608020 0.342770 0.608020
0 0.344730 0.400890 0.395510 0.400890 0.395510 0.489980 0.344730 0.489980
0 0.342770 0.282850 0.393550 0.282850 0.393550 0.371940 0.342770 0.371940
0 0.343750 0.167040 0.394530 0.167040 0.394530 0.256120 0.343750 0.256120
0 0.343750 0.046771 0.394530 0.046771 0.394530 0.135860 0.343750 0.135860
0 0.426760 0.042316 0.479490 0.042316 0.479490 0.135860 0.426760 0.135860
0 0.425780 0.162580 0.478520 0.162580 0.478520 0.256120 0.425780 0.256120
0 0.426760 0.280620 0.478520 0.280620 0.478520 0.374160 0.426760 0.374160
0 0.426760 0.403120 0.478520 0.403120 0.478520 0.492200 0.426760 0.492200
0 0.425780 0.523390 0.477540 0.523390 0.477540 0.612470 0.425780 0.612470
0 0.427730 0.639200 0.479490 0.639200 0.479490 0.728290 0.427730 0.728290
0 0.427730 0.757240 0.479490 0.757240 0.479490 0.846330 0.427730 0.846330
0 0.425780 0.879730 0.477540 0.879730 0.477540 0.968820 0.425780 0.968820
0 0.510740 0.877510 0.562500 0.877510 0.562500 0.968820 0.510740 0.968820
0 0.510740 0.761690 0.562500 0.761690 0.562500 0.853010 0.510740 0.853010
0 0.511720 0.645880 0.563480 0.645880 0.563480 0.734970 0.511720 0.734970
0 0.511720 0.527840 0.564450 0.527840 0.564450 0.619150 0.511720 0.619150
0 0.511720 0.403120 0.564450 0.403120 0.564450 0.494430 0.511720 0.494430
0 0.511720 0.282850 0.564450 0.282850 0.564450 0.374160 0.511720 0.374160
0 0.510740 0.164810 0.562500 0.164810 0.562500 0.258350 0.510740 0.258350
0 0.511720 0.044543 0.564450 0.044543 0.564450 0.135860 0.511720 0.135860
0 0.594730 0.879730 0.646480 0.879730 0.646480 0.971050 0.594730 0.971050
0 0.594730 0.761690 0.647460 0.761690 0.647460 0.853010 0.594730 0.853010
0 0.595700 0.643650 0.648440 0.643650 0.648440 0.734970 0.595700 0.734970
0 0.595700 0.532290 0.648440 0.532290 0.648440 0.623610 0.595700 0.623610
0 0.596680 0.403120 0.648440 0.403120 0.648440 0.496660 0.596680 0.496660
0 0.597660 0.287310 0.649410 0.287310 0.649410 0.378620 0.597660 0.378620
0 0.597660 0.164810 0.649410 0.164810 0.649410 0.258350 0.597660 0.258350
0 0.597660 0.048998 0.649410 0.048998 0.649410 0.140310 0.597660 0.140310
0 0.680660 0.048998 0.732420 0.048998 0.732420 0.140310 0.680660 0.140310
0 0.681640 0.164810 0.734380 0.164810 0.734380 0.258350 0.681640 0.258350
0 0.681640 0.287310 0.733400 0.287310 0.733400 0.378620 0.681640 0.378620
0 0.679690 0.405350 0.732420 0.405350 0.732420 0.498890 0.679690 0.498890
0 0.679690 0.530070 0.732420 0.530070 0.732420 0.621380 0.679690 0.621380
0 0.680660 0.639200 0.732420 0.639200 0.732420 0.730510 0.680660 0.730510
0 0.678710 0.766150 0.731450 0.766150 0.731450 0.859690 0.678710 0.859690
0 0.776370 0.048998 0.845700 0.048998 0.845700 0.151450 0.776370 0.151450
0 0.776370 0.158130 0.846680 0.158130 0.846680 0.260580 0.776370 0.260580
0 0.774410 0.289530 0.844730 0.289530 0.844730 0.391980 0.774410 0.391980
0 0.774410 0.398660 0.843750 0.398660 0.843750 0.501110 0.774410 0.501110
0 0.774410 0.527840 0.843750 0.527840 0.843750 0.630290 0.774410 0.630290
0 0.773440 0.634740 0.843750 0.634740 0.843750 0.730510 0.773440 0.730510
0 0.773440 0.768370 0.841800 0.768370 0.841800 0.866370 0.773440 0.866370
0 0.894530 0.293990 0.959960 0.293990 0.959960 0.492200 0.894530 0.492200
0 0.895510 0.055679 0.960940 0.055679 0.960940 0.251670 0.895510 0.251670
0 0.093750 0.046771 0.140620 0.046771 0.140620 0.138080 0.093750 0.138080
0 0.092773 0.164810 0.137700 0.164810 0.137700 0.262810 0.092773 0.262810
0 0.092773 0.276170 0.137700 0.276170 0.137700 0.374160 0.092773 0.374160
0 0.092773 0.394210 0.137700 0.394210 0.137700 0.492200 0.092773 0.492200
0 0.093750 0.512250 0.138670 0.512250 0.138670 0.610240 0.093750 0.610240
0 0.093750 0.632520 0.138670 0.632520 0.138670 0.730510 0.093750 0.730510
0 0.093750 0.743880 0.138670 0.743880 0.138670 0.844100 0.093750 0.844100
0 0.093750 0.859690 0.138670 0.859690 0.138670 0.959910 0.093750 0.959910
