0 0.311520 0.653650 0.342770 0.653650 0.342770 0.683590 0.311520 0.683590
0 0.917970 0.463540 0.971680 0.463540 0.971680 0.552080 0.917970 0.552080
0 0.920900 0.161460 0.974610 0.161460 0.974610 0.253910 0.920900 0.253910
1 0.872070 0.324220 0.977540 0.324220 0.977540 0.389320 0.872070 0.389320
1 0.918950 0.645830 0.976560 0.645830 0.976560 0.701820 0.918950 0.701820
0 0.705080 0.515620 0.764650 0.515620 0.764650 0.553390 0.705080 0.553390
0 0.814450 0.513020 0.875000 0.513020 0.875000 0.553390 0.814450 0.553390
0 0.814450 0.462240 0.875000 0.462240 0.875000 0.503910 0.814450 0.503910
0 0.815430 0.212240 0.874020 0.212240 0.874020 0.252600 0.815430 0.252600
0 0.816410 0.165360 0.875980 0.165360 0.875980 0.205730 0.816410 0.205730
0 0.815430 0.645830 0.874020 0.645830 0.874020 0.695310 0.815430 0.695310
0 0.704100 0.645830 0.762700 0.645830 0.762700 0.695310 0.704100 0.695310
0 0.705080 0.463540 0.764650 0.463540 0.764650 0.500000 0.705080 0.500000
0 0.707030 0.213540 0.766600 0.213540 0.766600 0.250000 0.707030 0.250000
0 0.707030 0.166670 0.766600 0.166670 0.766600 0.204430 0.707030 0.204430
0 0.706050 0.335940 0.765620 0.335940 0.765620 0.382810 0.706050 0.382810
0 0.594730 0.515620 0.654300 0.515620 0.654300 0.552080 0.594730 0.552080
0 0.593750 0.466150 0.653320 0.466150 0.653320 0.502600 0.593750 0.502600
0 0.595700 0.214840 0.655270 0.214840 0.655270 0.251300 0.595700 0.251300
0 0.596680 0.169270 0.656250 0.169270 0.656250 0.205730 0.596680 0.205730
0 0.485350 0.169270 0.540040 0.169270 0.540040 0.201820 0.485350 0.201820
0 0.486330 0.213540 0.541020 0.213540 0.541020 0.251300 0.486330 0.251300
0 0.485350 0.464840 0.540040 0.464840 0.540040 0.501300 0.485350 0.501300
0 0.483400 0.515620 0.540040 0.515620 0.540040 0.552080 0.483400 0.552080
0 0.484380 0.645830 0.541020 0.645830 0.541020 0.694010 0.484380 0.694010
0 0.483400 0.335940 0.540040 0.335940 0.540040 0.384110 0.483400 0.384110
0 0.594730 0.337240 0.652340 0.337240 0.652340 0.384110 0.594730 0.384110
0 0.592770 0.647140 0.653320 0.647140 0.653320 0.695310 0.592770 0.695310
0 0.381840 0.645830 0.430660 0.645830 0.430660 0.691410 0.381840 0.691410
0 0.382810 0.338540 0.431640 0.338540 0.431640 0.385420 0.382810 0.385420
0 0.382810 0.514320 0.434570 0.514320 0.434570 0.552080 0.382810 0.552080
0 0.382810 0.463540 0.434570 0.463540 0.434570 0.501300 0.382810 0.501300
0 0.382810 0.169270 0.434570 0.169270 0.434570 0.207030 0.382810 0.207030
0 0.381840 0.214840 0.433590 0.214840 0.433590 0.251300 0.381840 0.251300
0 0.381840 0.037760 0.431640 0.037760 0.431640 0.084635 0.381840 0.084635
0 0.486330 0.032552 0.541020 0.032552 0.541020 0.082031 0.486330 0.082031
0 0.815430 0.325520 0.847660 0.325520 0.847660 0.394530 0.815430 0.394530
