0 0.095703 0.851110 0.165040 0.851110 0.165040 0.935610 0.095703 0.935610
0 0.096680 0.682090 0.166020 0.682090 0.166020 0.766600 0.096680 0.766600
0 0.097656 0.519110 0.166990 0.519110 0.166990 0.603620 0.097656 0.603620
0 0.096680 0.301810 0.166020 0.301810 0.166020 0.386320 0.096680 0.386320
0 0.096680 0.110660 0.166020 0.110660 0.166020 0.195170 0.096680 0.195170
0 0.213870 0.108650 0.283200 0.108650 0.283200 0.191150 0.213870 0.191150
0 0.213870 0.299800 0.283200 0.299800 0.283200 0.384310 0.213870 0.384310
0 0.211910 0.519110 0.281250 0.519110 0.281250 0.601610 0.211910 0.601610
0 0.211910 0.682090 0.281250 0.682090 0.281250 0.766600 0.211910 0.766600
0 0.210940 0.853120 0.280270 0.853120 0.280270 0.937630 0.210940 0.937630
0 0.333980 0.855130 0.403320 0.855130 0.403320 0.939640 0.333980 0.939640
0 0.334960 0.686120 0.403320 0.686120 0.403320 0.768610 0.334960 0.768610
0 0.335940 0.519110 0.405270 0.519110 0.405270 0.603620 0.335940 0.603620
0 0.335940 0.307850 0.405270 0.307850 0.405270 0.390340 0.335940 0.390340
0 0.334960 0.108650 0.404300 0.108650 0.404300 0.193160 0.334960 0.193160
0 0.456050 0.108650 0.525390 0.108650 0.525390 0.193160 0.456050 0.193160
0 0.455080 0.307850 0.524410 0.307850 0.524410 0.392350 0.455080 0.392350
0 0.454100 0.521130 0.523440 0.521130 0.523440 0.599600 0.454100 0.599600
0 0.456050 0.688130 0.525390 0.688130 0.525390 0.766600 0.456050 0.766600
0 0.455080 0.863180 0.524410 0.863180 0.524410 0.941650 0.455080 0.941650
0 0.570310 0.857140 0.639650 0.857140 0.639650 0.937630 0.570310 0.937630
0 0.571290 0.690140 0.640620 0.690140 0.640620 0.770620 0.571290 0.770620
0 0.571290 0.519110 0.640620 0.519110 0.640620 0.599600 0.571290 0.599600
0 0.571290 0.309860 0.640620 0.309860 0.640620 0.390340 0.571290 0.390340
0 0.573240 0.112680 0.642580 0.112680 0.642580 0.191150 0.573240 0.191150
0 0.683590 0.857140 0.752930 0.857140 0.752930 0.937630 0.683590 0.937630
0 0.685550 0.690140 0.754880 0.690140 0.754880 0.768610 0.685550 0.768610
