0 0.259390 0.089844 0.360000 0.089844 0.360000 0.134770 0.259390 0.134770
0 0.258180 0.202150 0.358790 0.202150 0.358790 0.247070 0.258180 0.247070
0 0.259390 0.315430 0.360000 0.315430 0.360000 0.361330 0.259390 0.361330
0 0.259390 0.430660 0.360000 0.430660 0.360000 0.475590 0.259390 0.475590
0 0.259390 0.542970 0.360000 0.542970 0.360000 0.587890 0.259390 0.587890
0 0.261820 0.663090 0.362420 0.663090 0.362420 0.708010 0.261820 0.708010
0 0.264240 0.777340 0.364850 0.777340 0.364850 0.822270 0.264240 0.822270
0 0.267880 0.882810 0.368480 0.882810 0.368480 0.927730 0.267880 0.927730
0 0.448480 0.884770 0.549090 0.884770 0.549090 0.930660 0.448480 0.930660
0 0.448480 0.777340 0.549090 0.777340 0.549090 0.822270 0.448480 0.822270
0 0.447270 0.663090 0.547880 0.663090 0.547880 0.708010 0.447270 0.708010
0 0.447270 0.544920 0.547880 0.544920 0.547880 0.589840 0.447270 0.589840
0 0.447270 0.427730 0.547880 0.427730 0.547880 0.472660 0.447270 0.472660
0 0.448480 0.311520 0.549090 0.311520 0.549090 0.356450 0.448480 0.356450
0 0.448480 0.201170 0.549090 0.201170 0.549090 0.246090 0.448480 0.246090
0 0.448480 0.087891 0.549090 0.087891 0.549090 0.132810 0.448480 0.132810
0 0.632730 0.090820 0.740610 0.090820 0.740610 0.138670 0.632730 0.138670
0 0.632730 0.198240 0.739390 0.198240 0.739390 0.246090 0.632730 0.246090
0 0.632730 0.311520 0.739390 0.311520 0.739390 0.359380 0.632730 0.359380
0 0.635150 0.426760 0.741820 0.426760 0.741820 0.474610 0.635150 0.474610
0 0.636360 0.545900 0.726060 0.545900 0.726060 0.581050 0.636360 0.581050
0 0.632730 0.659180 0.726060 0.659180 0.726060 0.707030 0.632730 0.707030
0 0.627880 0.780270 0.721210 0.780270 0.721210 0.815430 0.627880 0.815430
0 0.629090 0.886720 0.733330 0.886720 0.733330 0.919920 0.629090 0.919920
0 0.092121 0.312500 0.169700 0.312500 0.169700 0.371090 0.092121 0.371090
0 0.094545 0.098633 0.173330 0.098633 0.173330 0.157230 0.094545 0.157230
0 0.094545 0.432620 0.169700 0.432620 0.169700 0.491210 0.094545 0.491210
0 0.100610 0.595700 0.173330 0.595700 0.173330 0.653320 0.100610 0.653320
0 0.106670 0.772460 0.179390 0.772460 0.179390 0.830080 0.106670 0.830080
0 0.113940 0.874020 0.179390 0.874020 0.179390 0.932620 0.113940 0.932620
