0 0.037077 0.044922 0.115590 0.044922 0.115590 0.094727 0.037077 0.094727
0 0.034896 0.141600 0.113410 0.141600 0.113410 0.193360 0.034896 0.193360
0 0.030534 0.242190 0.110140 0.242190 0.110140 0.293950 0.030534 0.293950
0 0.029444 0.345700 0.107960 0.345700 0.107960 0.397460 0.029444 0.397460
0 0.027263 0.440430 0.105780 0.440430 0.105780 0.492190 0.027263 0.492190
0 0.028353 0.548830 0.107960 0.548830 0.107960 0.600590 0.028353 0.600590
0 0.031625 0.635740 0.110140 0.635740 0.110140 0.687500 0.031625 0.687500
0 0.032715 0.727540 0.112320 0.727540 0.112320 0.780270 0.032715 0.780270
0 0.039258 0.863280 0.118870 0.863280 0.118870 0.915040 0.039258 0.915040
0 0.184300 0.871090 0.269360 0.871090 0.269360 0.921880 0.184300 0.921880
0 0.178840 0.733400 0.263900 0.733400 0.263900 0.784180 0.178840 0.784180
0 0.177750 0.640620 0.262810 0.640620 0.262810 0.695310 0.177750 0.695310
0 0.174480 0.550780 0.259540 0.550780 0.259540 0.604490 0.174480 0.604490
0 0.172300 0.442380 0.257360 0.442380 0.257360 0.497070 0.172300 0.497070
0 0.172300 0.347660 0.257360 0.347660 0.257360 0.402340 0.172300 0.402340
0 0.174480 0.241210 0.259540 0.241210 0.259540 0.294920 0.174480 0.294920
0 0.175570 0.139650 0.260630 0.139650 0.260630 0.194340 0.175570 0.194340
0 0.178840 0.040039 0.263900 0.040039 0.263900 0.094727 0.178840 0.094727
0 0.324970 0.040039 0.410030 0.040039 0.410030 0.094727 0.324970 0.094727
0 0.324970 0.138670 0.410030 0.138670 0.410030 0.193360 0.324970 0.193360
0 0.320610 0.241210 0.412210 0.241210 0.412210 0.296880 0.320610 0.296880
0 0.323880 0.348630 0.414390 0.348630 0.414390 0.403320 0.323880 0.403320
0 0.321700 0.444340 0.413300 0.444340 0.413300 0.500000 0.321700 0.500000
0 0.323880 0.552730 0.415490 0.552730 0.415490 0.608400 0.323880 0.608400
0 0.326060 0.641600 0.417670 0.641600 0.417670 0.697270 0.326060 0.697270
0 0.329330 0.729490 0.420940 0.729490 0.420940 0.785160 0.329330 0.785160
0 0.333700 0.870120 0.425300 0.870120 0.425300 0.925780 0.333700 0.925780
0 0.486370 0.873050 0.576880 0.873050 0.576880 0.927730 0.486370 0.927730
0 0.484190 0.735350 0.574700 0.735350 0.574700 0.791020 0.484190 0.791020
0 0.482010 0.644530 0.573610 0.644530 0.573610 0.699220 0.482010 0.699220
0 0.478740 0.556640 0.570340 0.556640 0.570340 0.612300 0.478740 0.612300
0 0.476550 0.448240 0.568160 0.448240 0.568160 0.502930 0.476550 0.502930
0 0.477640 0.349610 0.569250 0.349610 0.569250 0.405270 0.477640 0.405270
0 0.474370 0.243160 0.565980 0.243160 0.565980 0.298830 0.474370 0.298830
0 0.473280 0.139650 0.563790 0.139650 0.563790 0.195310 0.473280 0.195310
0 0.472190 0.041992 0.563790 0.041992 0.563790 0.094727 0.472190 0.094727
0 0.621590 0.044922 0.713200 0.044922 0.713200 0.094727 0.621590 0.094727
0 0.624860 0.142580 0.716470 0.142580 0.716470 0.193360 0.624860 0.193360
0 0.628140 0.247070 0.718650 0.247070 0.718650 0.296880 0.628140 0.296880
0 0.628140 0.350590 0.720830 0.350590 0.720830 0.406250 0.628140 0.406250
0 0.630320 0.447270 0.723010 0.447270 0.723010 0.502930 0.630320 0.502930
0 0.630320 0.556640 0.728460 0.556640 0.728460 0.611330 0.630320 0.611330
0 0.630320 0.645510 0.728460 0.645510 0.728460 0.700200 0.630320 0.700200
0 0.632500 0.734380 0.730640 0.734380 0.730640 0.790040 0.632500 0.790040
0 0.632500 0.871090 0.730640 0.871090 0.730640 0.926760 0.632500 0.926760
0 0.775350 0.037109 0.866960 0.037109 0.866960 0.159180 0.775350 0.159180
0 0.781900 0.172850 0.874590 0.172850 0.874590 0.316410 0.781900 0.316410
0 0.787350 0.370120 0.880040 0.370120 0.880040 0.483400 0.787350 0.483400
1 0.910580 0.369140 0.996730 0.369140 0.996730 0.480470 0.910580 0.480470
1 0.883320 0.039062 0.996730 0.039062 0.996730 0.158200 0.883320 0.158200
0 0.886590 0.170900 0.993460 0.170900 0.993460 0.318360 0.886590 0.318360
0 0.897490 0.545900 0.997820 0.545900 0.997820 0.671880 0.897490 0.671880
0 0.896400 0.686520 0.997820 0.686520 0.997820 0.831050 0.896400 0.831050
0 0.894220 0.844730 0.998910 0.844730 0.998910 0.973630 0.894220 0.973630
