0 0.113180 0.760740 0.167780 0.760740 0.167780 0.804690 0.113180 0.804690
0 0.113180 0.666990 0.167780 0.666990 0.167780 0.704100 0.113180 0.704100
0 0.113180 0.585940 0.169110 0.585940 0.169110 0.623050 0.113180 0.623050
0 0.113180 0.502930 0.167780 0.502930 0.167780 0.541020 0.113180 0.541020
0 0.113180 0.403320 0.169110 0.403320 0.169110 0.447270 0.113180 0.447270
0 0.098535 0.927730 0.154460 0.927730 0.154460 0.948240 0.098535 0.948240
0 0.099867 0.902340 0.154460 0.902340 0.154460 0.922850 0.099867 0.922850
0 0.218380 0.736330 0.296940 0.736330 0.296940 0.773440 0.218380 0.773440
0 0.223700 0.583980 0.307590 0.583980 0.307590 0.619140 0.223700 0.619140
0 0.217040 0.428710 0.295610 0.428710 0.295610 0.465820 0.217040 0.465820
0 0.371500 0.730470 0.472700 0.730470 0.472700 0.776370 0.371500 0.776370
0 0.368840 0.427730 0.471370 0.427730 0.471370 0.472660 0.368840 0.472660
0 0.539280 0.577150 0.637820 0.577150 0.637820 0.626950 0.539280 0.626950
0 0.069241 0.253910 0.145140 0.253910 0.145140 0.287110 0.069241 0.287110
0 0.065246 0.096680 0.141150 0.096680 0.141150 0.130860 0.065246 0.130860
0 0.227700 0.885740 0.307590 0.885740 0.307590 0.918950 0.227700 0.918950
0 0.227700 0.933590 0.307590 0.933590 0.307590 0.966800 0.227700 0.966800
0 0.387480 0.880860 0.479360 0.880860 0.479360 0.918950 0.387480 0.918950
0 0.387480 0.926760 0.479360 0.926760 0.479360 0.966800 0.387480 0.966800
0 0.532620 0.880860 0.625830 0.880860 0.625830 0.918950 0.532620 0.918950
0 0.531290 0.926760 0.624500 0.926760 0.624500 0.965820 0.531290 0.965820
0 0.537950 0.730470 0.620510 0.730470 0.620510 0.775390 0.537950 0.775390
0 0.537950 0.430660 0.619170 0.430660 0.619170 0.473630 0.537950 0.473630
0 0.242340 0.249020 0.336880 0.249020 0.336880 0.294920 0.242340 0.294920
0 0.418110 0.246090 0.531290 0.246090 0.531290 0.296880 0.418110 0.296880
0 0.238350 0.091797 0.356860 0.091797 0.356860 0.138670 0.238350 0.138670
0 0.419440 0.093750 0.559250 0.093750 0.559250 0.140620 0.419440 0.140620
0 0.613850 0.244140 0.752330 0.244140 0.752330 0.298830 0.613850 0.298830
0 0.612520 0.086914 0.793610 0.086914 0.793610 0.142580 0.612520 0.142580
0 0.705730 0.881840 0.798930 0.881840 0.798930 0.918950 0.705730 0.918950
0 0.708390 0.562500 0.824230 0.562500 0.824230 0.641600 0.708390 0.641600
0 0.707060 0.703120 0.846870 0.703120 0.846870 0.805660 0.707060 0.805660
0 0.708390 0.396480 0.846870 0.396480 0.846870 0.499020 0.708390 0.499020
1 0.882820 0.584960 0.993340 0.584960 0.993340 0.625980 0.882820 0.625980
1 0.845540 0.883790 0.993340 0.883790 0.993340 0.952150 0.845540 0.952150
1 0.849530 0.122070 0.996010 0.122070 0.996010 0.179690 0.849530 0.179690
0 0.371500 0.577150 0.494010 0.577150 0.494010 0.627930 0.371500 0.627930
