0 0.157100 0.210940 0.188520 0.210940 0.188520 0.248050 0.157100 0.248050
0 0.158470 0.482420 0.188520 0.482420 0.188520 0.519530 0.158470 0.519530
0 0.168030 0.746090 0.198090 0.746090 0.198090 0.783200 0.168030 0.783200
0 0.312840 0.051758 0.422130 0.051758 0.422130 0.100590 0.312840 0.100590
0 0.312840 0.192380 0.419400 0.192380 0.419400 0.241210 0.312840 0.241210
0 0.310110 0.335940 0.416670 0.335940 0.416670 0.383790 0.310110 0.383790
0 0.311480 0.476560 0.418030 0.476560 0.418030 0.524410 0.311480 0.524410
0 0.315570 0.616210 0.422130 0.616210 0.422130 0.664060 0.315570 0.664060
0 0.319670 0.754880 0.426230 0.754880 0.426230 0.803710 0.319670 0.803710
0 0.327870 0.886720 0.434430 0.886720 0.434430 0.935550 0.327870 0.935550
0 0.803280 0.057617 0.897540 0.057617 0.897540 0.104490 0.803280 0.104490
0 0.804640 0.198240 0.898910 0.198240 0.898910 0.244140 0.804640 0.244140
0 0.803280 0.335940 0.897540 0.335940 0.897540 0.382810 0.803280 0.382810
0 0.801910 0.613280 0.894810 0.613280 0.894810 0.660160 0.801910 0.660160
0 0.797810 0.752930 0.892080 0.752930 0.892080 0.799800 0.797810 0.799800
0 0.797810 0.882810 0.890710 0.882810 0.890710 0.928710 0.797810 0.928710
0 0.534150 0.055664 0.662570 0.055664 0.662570 0.099609 0.534150 0.099609
0 0.532790 0.195310 0.661200 0.195310 0.661200 0.239260 0.532790 0.239260
0 0.535520 0.337890 0.663930 0.337890 0.663930 0.381840 0.535520 0.381840
0 0.534150 0.479490 0.662570 0.479490 0.662570 0.523440 0.534150 0.523440
0 0.534150 0.619140 0.662570 0.619140 0.662570 0.663090 0.534150 0.663090
0 0.534150 0.753910 0.662570 0.753910 0.662570 0.798830 0.534150 0.798830
0 0.534150 0.888670 0.662570 0.888670 0.662570 0.932620 0.534150 0.932620
1 0.756830 0.442380 0.989070 0.442380 0.989070 0.556640 0.756830 0.556640
