0 0.127930 0.911240 0.205080 0.911240 0.205080 0.960670 0.127930 0.960670
0 0.125000 0.711240 0.201170 0.711240 0.201170 0.764040 0.125000 0.764040
0 0.123050 0.510110 0.198240 0.510110 0.198240 0.562920 0.123050 0.562920
0 0.125000 0.310110 0.201170 0.310110 0.201170 0.362920 0.125000 0.362920
0 0.126950 0.115730 0.203120 0.115730 0.203120 0.168540 0.126950 0.168540
0 0.266600 0.912360 0.348630 0.912360 0.348630 0.965170 0.266600 0.965170
0 0.262700 0.714610 0.344730 0.714610 0.344730 0.766290 0.262700 0.766290
0 0.260740 0.508990 0.343750 0.508990 0.343750 0.561800 0.260740 0.561800
0 0.262700 0.306740 0.344730 0.306740 0.344730 0.359550 0.262700 0.359550
0 0.266600 0.112360 0.349610 0.112360 0.349610 0.164040 0.266600 0.164040
0 0.415040 0.106740 0.506840 0.106740 0.506840 0.165170 0.415040 0.165170
0 0.413090 0.303370 0.503910 0.303370 0.503910 0.361800 0.413090 0.361800
0 0.412110 0.506740 0.503910 0.506740 0.503910 0.565170 0.412110 0.565170
0 0.413090 0.707870 0.503910 0.707870 0.503910 0.767420 0.413090 0.767420
0 0.584960 0.303370 0.676760 0.303370 0.676760 0.362920 0.584960 0.362920
0 0.584960 0.708990 0.676760 0.708990 0.676760 0.768540 0.584960 0.768540
0 0.583980 0.505620 0.661130 0.505620 0.661130 0.564040 0.583980 0.564040
0 0.754880 0.304490 0.822270 0.304490 0.822270 0.364040 0.754880 0.364040
0 0.757810 0.504490 0.825200 0.504490 0.825200 0.564040 0.757810 0.564040
0 0.756840 0.708990 0.824220 0.708990 0.824220 0.767420 0.756840 0.767420
1 0.877930 0.487640 0.995120 0.487640 0.995120 0.584270 0.877930 0.584270
