0 0.567380 0.860260 0.709960 0.860260 0.709960 0.934500 0.567380 0.934500
0 0.569340 0.700150 0.710940 0.700150 0.710940 0.774380 0.569340 0.774380
0 0.565430 0.526930 0.707030 0.526930 0.707030 0.608440 0.565430 0.608440
0 0.567380 0.360990 0.708980 0.360990 0.708980 0.443960 0.567380 0.443960
0 0.567380 0.195050 0.696290 0.195050 0.696290 0.273650 0.567380 0.273650
0 0.566410 0.030568 0.695310 0.030568 0.695310 0.104800 0.566410 0.104800
0 0.338870 0.863170 0.469730 0.863170 0.469730 0.943230 0.338870 0.943230
0 0.336910 0.698690 0.467770 0.698690 0.467770 0.778750 0.336910 0.778750
0 0.337890 0.525470 0.433590 0.525470 0.433590 0.608440 0.337890 0.608440
0 0.334960 0.359530 0.437500 0.359530 0.437500 0.439590 0.334960 0.439590
0 0.335940 0.189230 0.465820 0.189230 0.465820 0.267830 0.335940 0.267830
0 0.340820 0.021834 0.470700 0.021834 0.470700 0.100440 0.340820 0.100440
0 0.117190 0.024745 0.239260 0.024745 0.239260 0.093159 0.117190 0.093159
0 0.116210 0.192140 0.236330 0.192140 0.236330 0.264920 0.116210 0.264920
0 0.113280 0.360990 0.233400 0.360990 0.233400 0.433770 0.113280 0.433770
0 0.111330 0.531300 0.232420 0.531300 0.232420 0.604080 0.111330 0.604080
0 0.111330 0.700150 0.235350 0.700150 0.235350 0.774380 0.111330 0.774380
0 0.115230 0.869000 0.238280 0.869000 0.238280 0.941780 0.115230 0.941780
1 0.866210 0.027656 0.985350 0.027656 0.985350 0.129550 0.866210 0.129550
0 0.810550 0.187770 0.857420 0.187770 0.857420 0.294030 0.810550 0.294030
0 0.807620 0.024745 0.855470 0.024745 0.855470 0.131000 0.807620 0.131000
0 0.806640 0.835520 0.849610 0.835520 0.849610 0.935950 0.806640 0.935950
0 0.808590 0.678310 0.850590 0.678310 0.850590 0.777290 0.808590 0.777290
