0 0.110970 0.682620 0.156660 0.682620 0.156660 0.701170 0.110970 0.701170
0 0.110970 0.617190 0.156660 0.617190 0.156660 0.634770 0.110970 0.634770
0 0.112270 0.594730 0.157960 0.594730 0.157960 0.612300 0.112270 0.612300
0 0.113580 0.520510 0.159270 0.520510 0.159270 0.538090 0.113580 0.538090
0 0.113580 0.499020 0.159270 0.499020 0.159270 0.516600 0.113580 0.516600
0 0.114880 0.419920 0.157960 0.419920 0.157960 0.437500 0.114880 0.437500
0 0.113580 0.398440 0.156660 0.398440 0.156660 0.416020 0.113580 0.416020
0 0.114880 0.324220 0.157960 0.324220 0.157960 0.341800 0.114880 0.341800
0 0.114880 0.302730 0.157960 0.302730 0.157960 0.320310 0.114880 0.320310
0 0.114880 0.237300 0.157960 0.237300 0.157960 0.254880 0.114880 0.254880
0 0.221930 0.231450 0.285900 0.231450 0.285900 0.258790 0.221930 0.258790
0 0.220630 0.287110 0.284600 0.287110 0.284600 0.315430 0.220630 0.315430
0 0.220630 0.328120 0.284600 0.328120 0.284600 0.355470 0.220630 0.355470
0 0.219320 0.383790 0.283290 0.383790 0.283290 0.412110 0.219320 0.412110
0 0.219320 0.425780 0.283290 0.425780 0.283290 0.453120 0.219320 0.453120
0 0.219320 0.483400 0.283290 0.483400 0.283290 0.510740 0.219320 0.510740
0 0.219320 0.523440 0.283290 0.523440 0.283290 0.551760 0.219320 0.551760
0 0.218020 0.580080 0.281980 0.580080 0.281980 0.608400 0.218020 0.608400
0 0.218020 0.621090 0.281980 0.621090 0.281980 0.649410 0.218020 0.649410
0 0.216710 0.678710 0.281980 0.678710 0.281980 0.706050 0.216710 0.706050
0 0.347260 0.676760 0.421670 0.676760 0.421670 0.708980 0.347260 0.708980
0 0.348560 0.619140 0.422980 0.619140 0.422980 0.651370 0.348560 0.651370
0 0.348560 0.579100 0.422980 0.579100 0.422980 0.611330 0.348560 0.611330
0 0.348560 0.521480 0.424280 0.521480 0.424280 0.554690 0.348560 0.554690
0 0.348560 0.482420 0.422980 0.482420 0.422980 0.514650 0.348560 0.514650
0 0.348560 0.424800 0.422980 0.424800 0.422980 0.457030 0.348560 0.457030
0 0.348560 0.384770 0.422980 0.384770 0.422980 0.416990 0.348560 0.416990
0 0.349870 0.327150 0.424280 0.327150 0.424280 0.360350 0.349870 0.360350
0 0.349870 0.286130 0.425590 0.286130 0.425590 0.320310 0.349870 0.320310
0 0.351170 0.230470 0.425590 0.230470 0.425590 0.262700 0.351170 0.262700
0 0.467360 0.676760 0.556140 0.676760 0.556140 0.709960 0.467360 0.709960
0 0.468670 0.620120 0.557440 0.620120 0.557440 0.652340 0.468670 0.652340
0 0.467360 0.580080 0.571800 0.580080 0.571800 0.612300 0.467360 0.612300
0 0.467360 0.522460 0.556140 0.522460 0.556140 0.554690 0.467360 0.554690
0 0.468670 0.482420 0.554830 0.482420 0.554830 0.514650 0.468670 0.514650
0 0.468670 0.424800 0.553520 0.424800 0.553520 0.457030 0.468670 0.457030
0 0.469970 0.384770 0.556140 0.384770 0.556140 0.416990 0.469970 0.416990
0 0.469970 0.328120 0.575720 0.328120 0.575720 0.360350 0.469970 0.360350
0 0.469970 0.287110 0.553520 0.287110 0.553520 0.319340 0.469970 0.319340
0 0.471280 0.230470 0.554830 0.230470 0.554830 0.262700 0.471280 0.262700
0 0.616190 0.228520 0.691910 0.228520 0.691910 0.260740 0.616190 0.260740
0 0.616190 0.286130 0.690600 0.286130 0.690600 0.318360 0.616190 0.318360
0 0.614880 0.326170 0.690600 0.326170 0.690600 0.359380 0.614880 0.359380
0 0.614880 0.382810 0.690600 0.382810 0.690600 0.415040 0.614880 0.415040
0 0.614880 0.423830 0.689300 0.423830 0.689300 0.457030 0.614880 0.457030
0 0.614880 0.481450 0.689300 0.481450 0.689300 0.513670 0.614880 0.513670
0 0.613580 0.522460 0.690600 0.522460 0.690600 0.554690 0.613580 0.554690
0 0.613580 0.579100 0.690600 0.579100 0.690600 0.610350 0.613580 0.610350
0 0.614880 0.621090 0.691910 0.621090 0.691910 0.652340 0.614880 0.652340
0 0.614880 0.677730 0.691910 0.677730 0.691910 0.709960 0.614880 0.709960
0 0.362920 0.762700 0.437340 0.762700 0.437340 0.786130 0.362920 0.786130
0 0.480420 0.763670 0.574410 0.763670 0.574410 0.790040 0.480420 0.790040
0 0.621410 0.769530 0.697130 0.769530 0.697130 0.790040 0.621410 0.790040
0 0.237600 0.767580 0.291120 0.767580 0.291120 0.789060 0.237600 0.789060
0 0.248040 0.791020 0.302870 0.791020 0.302870 0.803710 0.248040 0.803710
