0 0.274380 0.028320 0.489800 0.028320 0.489800 0.073242 0.274380 0.073242
0 0.276640 0.158200 0.492060 0.158200 0.492060 0.203120 0.276640 0.203120
0 0.276640 0.280270 0.492060 0.280270 0.492060 0.325200 0.276640 0.325200
0 0.269840 0.469730 0.553290 0.469730 0.553290 0.517580 0.269840 0.517580
0 0.272110 0.662110 0.492060 0.662110 0.492060 0.708010 0.272110 0.708010
0 0.276640 0.789060 0.496600 0.789060 0.496600 0.833010 0.276640 0.833010
0 0.276640 0.915040 0.489800 0.915040 0.489800 0.958980 0.276640 0.958980
0 0.725620 0.912110 0.907030 0.912110 0.907030 0.955080 0.725620 0.955080
0 0.732430 0.788090 0.911560 0.788090 0.911560 0.830080 0.732430 0.830080
0 0.736960 0.661130 0.918370 0.661130 0.918370 0.705080 0.736960 0.705080
0 0.736960 0.282230 0.916100 0.282230 0.916100 0.326170 0.736960 0.326170
0 0.734690 0.163090 0.913830 0.163090 0.913830 0.207030 0.734690 0.207030
1 0.693880 0.437500 0.990930 0.437500 0.990930 0.551760 0.693880 0.551760
