0 0.619460 0.146480 0.725370 0.146480 0.725370 0.181640 0.619460 0.181640
0 0.828820 0.276370 0.928570 0.276370 0.928570 0.314450 0.828820 0.314450
0 0.624380 0.273440 0.727830 0.273440 0.727830 0.315430 0.624380 0.315430
0 0.624380 0.543950 0.721670 0.543950 0.721670 0.583980 0.624380 0.583980
0 0.625620 0.454100 0.726600 0.454100 0.726600 0.494140 0.625620 0.494140
0 0.624380 0.363280 0.726600 0.363280 0.726600 0.403320 0.624380 0.403320
0 0.828820 0.364260 0.928570 0.364260 0.928570 0.404300 0.828820 0.404300
0 0.828820 0.455080 0.927340 0.455080 0.927340 0.494140 0.828820 0.494140
0 0.828820 0.544920 0.928570 0.544920 0.928570 0.583980 0.828820 0.583980
0 0.828820 0.634770 0.928570 0.634770 0.928570 0.671880 0.828820 0.671880
0 0.624380 0.633790 0.721670 0.633790 0.721670 0.673830 0.624380 0.673830
0 0.828820 0.724610 0.929800 0.724610 0.929800 0.762700 0.828820 0.762700
0 0.830050 0.813480 0.929800 0.813480 0.929800 0.851560 0.830050 0.851560
0 0.830050 0.903320 0.931030 0.903320 0.931030 0.941410 0.830050 0.941410
0 0.624380 0.722660 0.727830 0.722660 0.727830 0.762700 0.624380 0.762700
0 0.625620 0.813480 0.727830 0.813480 0.727830 0.852540 0.625620 0.852540
0 0.625620 0.902340 0.729060 0.902340 0.729060 0.942380 0.625620 0.942380
0 0.435960 0.903320 0.538180 0.903320 0.538180 0.942380 0.435960 0.942380
0 0.437190 0.813480 0.536950 0.813480 0.536950 0.851560 0.437190 0.851560
0 0.250000 0.903320 0.347290 0.903320 0.347290 0.941410 0.250000 0.941410
0 0.251230 0.813480 0.347290 0.813480 0.347290 0.850590 0.251230 0.850590
0 0.437190 0.724610 0.535710 0.724610 0.535710 0.761720 0.437190 0.761720
0 0.437190 0.634770 0.535710 0.634770 0.535710 0.673830 0.437190 0.673830
0 0.435960 0.545900 0.535710 0.545900 0.535710 0.583980 0.435960 0.583980
0 0.437190 0.456050 0.534480 0.456050 0.534480 0.495120 0.437190 0.495120
0 0.251230 0.723630 0.347290 0.723630 0.347290 0.762700 0.251230 0.762700
0 0.251230 0.634770 0.346060 0.634770 0.346060 0.673830 0.251230 0.673830
0 0.251230 0.545900 0.346060 0.545900 0.346060 0.583010 0.251230 0.583010
0 0.251230 0.456050 0.347290 0.456050 0.347290 0.494140 0.251230 0.494140
0 0.250000 0.367190 0.346060 0.367190 0.346060 0.404300 0.250000 0.404300
0 0.250000 0.277340 0.344830 0.277340 0.344830 0.316410 0.250000 0.316410
0 0.437190 0.367190 0.534480 0.367190 0.534480 0.405270 0.437190 0.405270
0 0.437190 0.277340 0.534480 0.277340 0.534480 0.316410 0.437190 0.316410
0 0.428570 0.150390 0.522170 0.150390 0.522170 0.182620 0.428570 0.182620
0 0.429800 0.108400 0.523400 0.108400 0.523400 0.143550 0.429800 0.143550
0 0.241380 0.150390 0.336210 0.150390 0.336210 0.182620 0.241380 0.182620
0 0.241380 0.110350 0.336210 0.110350 0.336210 0.141600 0.241380 0.141600
