0 0.094727 0.062341 0.160160 0.062341 0.160160 0.119590 0.094727 0.119590
0 0.094727 0.138680 0.160160 0.138680 0.160160 0.197200 0.094727 0.197200
0 0.091797 0.243000 0.158200 0.243000 0.158200 0.304070 0.091797 0.304070
0 0.089844 0.323160 0.156250 0.323160 0.156250 0.384220 0.089844 0.384220
0 0.089844 0.428750 0.157230 0.428750 0.157230 0.491090 0.089844 0.491090
0 0.090820 0.508910 0.157230 0.508910 0.157230 0.569970 0.090820 0.569970
0 0.088867 0.610690 0.155270 0.610690 0.155270 0.671760 0.088867 0.671760
0 0.089844 0.690840 0.156250 0.690840 0.156250 0.751910 0.089844 0.751910
0 0.090820 0.797710 0.157230 0.797710 0.157230 0.858780 0.090820 0.858780
0 0.092773 0.874050 0.160160 0.874050 0.160160 0.935110 0.092773 0.935110
0 0.212890 0.879130 0.279300 0.879130 0.279300 0.940200 0.212890 0.940200
0 0.209960 0.800250 0.280270 0.800250 0.280270 0.862600 0.209960 0.862600
0 0.208010 0.695930 0.279300 0.695930 0.279300 0.757000 0.208010 0.757000
0 0.208980 0.613230 0.279300 0.613230 0.279300 0.674300 0.208980 0.674300
0 0.208010 0.508910 0.279300 0.508910 0.279300 0.569970 0.208010 0.569970
0 0.208010 0.430030 0.279300 0.430030 0.279300 0.491090 0.208010 0.491090
0 0.209960 0.321880 0.280270 0.321880 0.280270 0.382950 0.209960 0.382950
0 0.209960 0.241730 0.280270 0.241730 0.280270 0.302800 0.209960 0.302800
0 0.211910 0.138680 0.282230 0.138680 0.282230 0.199750 0.211910 0.199750
0 0.213870 0.058524 0.284180 0.058524 0.284180 0.119590 0.213870 0.119590
0 0.331050 0.057252 0.401370 0.057252 0.401370 0.118320 0.331050 0.118320
0 0.332030 0.134860 0.402340 0.134860 0.402340 0.195930 0.332030 0.195930
0 0.331050 0.239190 0.401370 0.239190 0.401370 0.300250 0.331050 0.300250
0 0.330080 0.324430 0.400390 0.324430 0.400390 0.386770 0.330080 0.386770
0 0.330080 0.426210 0.400390 0.426210 0.400390 0.487280 0.330080 0.487280
0 0.329100 0.507630 0.400390 0.507630 0.400390 0.568700 0.329100 0.568700
0 0.330080 0.617050 0.400390 0.617050 0.400390 0.678120 0.330080 0.678120
0 0.329100 0.695930 0.399410 0.695930 0.399410 0.757000 0.329100 0.757000
0 0.330080 0.798980 0.400390 0.798980 0.400390 0.860050 0.330080 0.860050
0 0.330080 0.880410 0.400390 0.880410 0.400390 0.941480 0.330080 0.941480
0 0.453120 0.057252 0.524410 0.057252 0.524410 0.118320 0.453120 0.118320
0 0.452150 0.136130 0.523440 0.136130 0.523440 0.197200 0.452150 0.197200
0 0.453120 0.239190 0.524410 0.239190 0.524410 0.300250 0.453120 0.300250
0 0.453120 0.321880 0.525390 0.321880 0.525390 0.382950 0.453120 0.382950
0 0.453120 0.428750 0.525390 0.428750 0.525390 0.489820 0.453120 0.489820
0 0.452150 0.507630 0.523440 0.507630 0.523440 0.568700 0.452150 0.568700
0 0.453120 0.800250 0.525390 0.800250 0.525390 0.861320 0.453120 0.861320
0 0.453120 0.694660 0.524410 0.694660 0.524410 0.755730 0.453120 0.755730
0 0.453120 0.614500 0.525390 0.614500 0.525390 0.675570 0.453120 0.675570
0 0.454100 0.879130 0.526370 0.879130 0.526370 0.941480 0.454100 0.941480
0 0.575200 0.879130 0.647460 0.879130 0.647460 0.940200 0.575200 0.940200
0 0.576170 0.798980 0.648440 0.798980 0.648440 0.860050 0.576170 0.860050
0 0.575200 0.694660 0.647460 0.694660 0.647460 0.755730 0.575200 0.755730
0 0.575200 0.614500 0.647460 0.614500 0.647460 0.675570 0.575200 0.675570
0 0.576170 0.511450 0.648440 0.511450 0.648440 0.572520 0.576170 0.572520
0 0.576170 0.428750 0.648440 0.428750 0.648440 0.489820 0.576170 0.489820
0 0.575200 0.320610 0.646480 0.320610 0.646480 0.381680 0.575200 0.381680
0 0.576170 0.243000 0.648440 0.243000 0.648440 0.304070 0.576170 0.304070
0 0.575200 0.137400 0.647460 0.137400 0.647460 0.198470 0.575200 0.198470
0 0.573240 0.055980 0.645510 0.055980 0.645510 0.118320 0.573240 0.118320
0 0.694340 0.007634 0.790040 0.007634 0.790040 0.991090 0.694340 0.991090
1 0.918950 0.818070 0.998050 0.818070 0.998050 0.867680 0.918950 0.867680
1 0.923830 0.430030 0.996090 0.430030 0.996090 0.538170 0.923830 0.538170
