0 0.245280 0.082031 0.381130 0.082031 0.381130 0.152340 0.245280 0.152340
0 0.242770 0.200200 0.378620 0.200200 0.378620 0.270510 0.242770 0.270510
0 0.241510 0.318360 0.378620 0.318360 0.378620 0.392580 0.241510 0.392580
0 0.242770 0.439450 0.381130 0.439450 0.381130 0.513670 0.242770 0.513670
0 0.242770 0.620120 0.381130 0.620120 0.381130 0.693360 0.242770 0.693360
0 0.246540 0.775390 0.383650 0.775390 0.383650 0.846680 0.246540 0.846680
0 0.252830 0.923830 0.384910 0.923830 0.384910 0.995120 0.252830 0.995120
0 0.470440 0.077148 0.676730 0.077148 0.676730 0.156250 0.470440 0.156250
0 0.469180 0.194340 0.675470 0.194340 0.675470 0.273440 0.469180 0.273440
0 0.467920 0.315430 0.675470 0.315430 0.675470 0.394530 0.467920 0.394530
0 0.470440 0.437500 0.676730 0.437500 0.676730 0.517580 0.470440 0.517580
0 0.467920 0.619140 0.674210 0.619140 0.674210 0.698240 0.467920 0.698240
0 0.472960 0.777340 0.674210 0.777340 0.674210 0.849610 0.472960 0.849610
0 0.791190 0.076172 0.924530 0.076172 0.924530 0.157230 0.791190 0.157230
0 0.792450 0.195310 0.924530 0.195310 0.924530 0.277340 0.792450 0.277340
0 0.792450 0.314450 0.925790 0.314450 0.925790 0.398440 0.792450 0.398440
0 0.789940 0.436520 0.924530 0.436520 0.924530 0.520510 0.789940 0.520510
0 0.786160 0.741210 0.916980 0.741210 0.916980 0.806640 0.786160 0.806640
0 0.021384 0.924800 0.111950 0.924800 0.111950 0.978520 0.021384 0.978520
0 0.013836 0.779300 0.104400 0.779300 0.104400 0.833010 0.013836 0.833010
0 0.013836 0.779300 0.104400 0.779300 0.104400 0.833010 0.013836 0.833010
0 0.010063 0.622070 0.100630 0.622070 0.100630 0.675780 0.010063 0.675780
1 0.870440 0.625980 0.998740 0.625980 0.998740 0.695310 0.870440 0.695310
