0 0.329100 0.235680 0.433590 0.235680 0.433590 0.313800 0.329100 0.313800
0 0.330080 0.376300 0.432620 0.376300 0.432620 0.455730 0.330080 0.455730
0 0.330080 0.523440 0.432620 0.523440 0.432620 0.602860 0.330080 0.602860
0 0.329100 0.667970 0.431640 0.667970 0.431640 0.747400 0.329100 0.747400
0 0.330080 0.811200 0.432620 0.811200 0.432620 0.890620 0.330080 0.890620
0 0.502930 0.807290 0.605470 0.807290 0.605470 0.886720 0.502930 0.886720
0 0.506840 0.665360 0.609380 0.665360 0.609380 0.744790 0.506840 0.744790
0 0.503910 0.523440 0.606450 0.523440 0.606450 0.602860 0.503910 0.602860
0 0.504880 0.378910 0.607420 0.378910 0.607420 0.458330 0.504880 0.458330
0 0.506840 0.234380 0.609380 0.234380 0.609380 0.313800 0.506840 0.313800
0 0.684570 0.236980 0.787110 0.236980 0.787110 0.316410 0.684570 0.316410
0 0.683590 0.376300 0.786130 0.376300 0.786130 0.455730 0.683590 0.455730
0 0.681640 0.522140 0.784180 0.522140 0.784180 0.601560 0.681640 0.601560
0 0.681640 0.661460 0.784180 0.661460 0.784180 0.740890 0.681640 0.740890
0 0.839840 0.671880 0.933590 0.671880 0.933590 0.733070 0.839840 0.733070
0 0.840820 0.528650 0.934570 0.528650 0.934570 0.591150 0.840820 0.591150
0 0.839840 0.385420 0.933590 0.385420 0.933590 0.447920 0.839840 0.447920
0 0.839840 0.240890 0.933590 0.240890 0.933590 0.303390 0.839840 0.303390
0 0.338870 0.057292 0.399410 0.057292 0.399410 0.106770 0.338870 0.106770
0 0.477540 0.061198 0.544920 0.061198 0.544920 0.105470 0.477540 0.105470
