0 0.275390 0.372880 0.321290 0.372880 0.321290 0.421310 0.275390 0.421310
0 0.276370 0.554480 0.322270 0.554480 0.322270 0.602910 0.276370 0.602910
0 0.362300 0.554480 0.407230 0.554480 0.407230 0.600480 0.362300 0.600480
0 0.363280 0.372880 0.409180 0.372880 0.409180 0.421310 0.363280 0.421310
0 0.448240 0.372880 0.494140 0.372880 0.494140 0.418890 0.448240 0.418890
0 0.449220 0.554480 0.495120 0.554480 0.495120 0.602910 0.449220 0.602910
0 0.536130 0.554480 0.582030 0.554480 0.582030 0.602910 0.536130 0.602910
0 0.536130 0.368040 0.581050 0.368040 0.581050 0.416460 0.536130 0.416460
0 0.099609 0.070218 0.145510 0.070218 0.145510 0.118640 0.099609 0.118640
0 0.100590 0.864410 0.146480 0.864410 0.146480 0.912830 0.100590 0.912830
0 0.185550 0.053269 0.254880 0.053269 0.254880 0.133170 0.185550 0.133170
0 0.186520 0.852300 0.255860 0.852300 0.255860 0.924940 0.186520 0.924940
0 0.271480 0.053269 0.343750 0.053269 0.343750 0.121070 0.271480 0.121070
0 0.360350 0.048426 0.431640 0.048426 0.431640 0.118640 0.360350 0.118640
0 0.446290 0.043584 0.518550 0.043584 0.518550 0.113800 0.446290 0.113800
0 0.532230 0.050847 0.603520 0.050847 0.603520 0.121070 0.532230 0.121070
0 0.621090 0.046005 0.693360 0.046005 0.693360 0.116220 0.621090 0.116220
0 0.707030 0.043584 0.756840 0.043584 0.756840 0.113800 0.707030 0.113800
0 0.708010 0.854720 0.756840 0.854720 0.756840 0.924940 0.708010 0.924940
0 0.621090 0.849880 0.692380 0.849880 0.692380 0.922520 0.621090 0.922520
0 0.532230 0.852300 0.604490 0.852300 0.604490 0.924940 0.532230 0.924940
0 0.448240 0.852300 0.519530 0.852300 0.519530 0.922520 0.448240 0.922520
0 0.272460 0.849880 0.343750 0.849880 0.343750 0.922520 0.272460 0.922520
0 0.358400 0.849880 0.429690 0.849880 0.429690 0.922520 0.358400 0.922520
0 0.191410 0.244550 0.243160 0.244550 0.243160 0.285710 0.191410 0.285710
0 0.190430 0.302660 0.242190 0.302660 0.242190 0.351090 0.190430 0.351090
0 0.190430 0.370460 0.243160 0.370460 0.243160 0.416460 0.190430 0.416460
0 0.192380 0.552060 0.241210 0.552060 0.241210 0.598060 0.192380 0.598060
0 0.192380 0.493950 0.243160 0.493950 0.243160 0.535110 0.192380 0.535110
0 0.193360 0.440680 0.243160 0.440680 0.243160 0.481840 0.193360 0.481840
0 0.192380 0.627120 0.243160 0.627120 0.243160 0.668280 0.192380 0.668280
0 0.192380 0.687650 0.243160 0.687650 0.243160 0.740920 0.192380 0.740920
0 0.276370 0.234870 0.343750 0.234870 0.343750 0.288140 0.276370 0.288140
0 0.276370 0.687650 0.343750 0.687650 0.343750 0.740920 0.276370 0.740920
0 0.363280 0.232450 0.429690 0.232450 0.429690 0.285710 0.363280 0.285710
0 0.363280 0.687650 0.429690 0.687650 0.429690 0.740920 0.363280 0.740920
0 0.449220 0.232450 0.515620 0.232450 0.515620 0.285710 0.449220 0.285710
0 0.450200 0.682810 0.516600 0.682810 0.516600 0.736080 0.450200 0.736080
0 0.535160 0.230020 0.601560 0.230020 0.601560 0.285710 0.535160 0.285710
0 0.537110 0.682810 0.604490 0.682810 0.604490 0.736080 0.537110 0.736080
0 0.623050 0.232450 0.689450 0.232450 0.689450 0.285710 0.623050 0.285710
0 0.623050 0.685230 0.689450 0.685230 0.689450 0.738500 0.623050 0.738500
0 0.713870 0.682810 0.780270 0.682810 0.780270 0.736080 0.713870 0.736080
0 0.709960 0.232450 0.776370 0.232450 0.776370 0.285710 0.709960 0.285710
0 0.623050 0.552060 0.681640 0.552060 0.681640 0.598060 0.623050 0.598060
0 0.623050 0.368040 0.681640 0.368040 0.681640 0.416460 0.623050 0.416460
0 0.798830 0.053269 0.848630 0.053269 0.848630 0.099274 0.798830 0.099274
0 0.798830 0.854720 0.848630 0.854720 0.848630 0.915250 0.798830 0.915250
