0 0.166840 0.061523 0.281940 0.061523 0.281940 0.116210 0.166840 0.116210
0 0.163670 0.261720 0.277720 0.261720 0.277720 0.315430 0.163670 0.315430
0 0.165790 0.463870 0.279830 0.463870 0.279830 0.518550 0.165790 0.518550
0 0.166840 0.663090 0.280890 0.663090 0.280890 0.717770 0.166840 0.717770
0 0.173180 0.857420 0.288280 0.857420 0.288280 0.912110 0.173180 0.912110
0 0.455120 0.055664 0.600840 0.055664 0.600840 0.119140 0.455120 0.119140
0 0.456180 0.255860 0.601900 0.255860 0.601900 0.320310 0.456180 0.320310
0 0.455120 0.458980 0.600840 0.458980 0.600840 0.523440 0.455120 0.523440
0 0.456180 0.660160 0.601900 0.660160 0.601900 0.724610 0.456180 0.724610
0 0.458290 0.853520 0.604010 0.853520 0.604010 0.917970 0.458290 0.917970
0 0.801480 0.026367 0.933470 0.026367 0.933470 0.155270 0.801480 0.155270
0 0.801480 0.225590 0.934530 0.225590 0.934530 0.355470 0.801480 0.355470
0 0.803590 0.626950 0.935590 0.626950 0.935590 0.755860 0.803590 0.755860
0 0.794090 0.821290 0.927140 0.821290 0.927140 0.951170 0.794090 0.951170
0 0.695880 0.023438 0.771910 0.023438 0.771910 0.155270 0.695880 0.155270
0 0.697990 0.223630 0.775080 0.223630 0.775080 0.355470 0.697990 0.355470
0 0.695880 0.627930 0.771910 0.627930 0.771910 0.759770 0.695880 0.759770
0 0.695880 0.825200 0.770860 0.825200 0.770860 0.949220 0.695880 0.949220
1 0.727560 0.436520 0.987330 0.436520 0.987330 0.541990 0.727560 0.541990
