0 0.521800 0.327150 0.631440 0.327150 0.631440 0.372070 0.521800 0.372070
0 0.287980 0.076172 0.394980 0.076172 0.394980 0.122070 0.287980 0.122070
0 0.290620 0.205080 0.394980 0.205080 0.394980 0.250980 0.290620 0.250980
0 0.290620 0.326170 0.396300 0.326170 0.396300 0.371090 0.290620 0.371090
0 0.519150 0.077148 0.631440 0.077148 0.631440 0.123050 0.519150 0.123050
0 0.520480 0.206050 0.631440 0.206050 0.631440 0.251950 0.520480 0.251950
0 0.287980 0.463870 0.391020 0.463870 0.391020 0.508790 0.287980 0.508790
0 0.284020 0.612300 0.393660 0.612300 0.393660 0.658200 0.284020 0.658200
0 0.286660 0.759770 0.391020 0.759770 0.391020 0.804690 0.286660 0.804690
0 0.517830 0.463870 0.630120 0.463870 0.630120 0.508790 0.517830 0.508790
0 0.517830 0.614260 0.628800 0.614260 0.628800 0.659180 0.517830 0.659180
0 0.517830 0.759770 0.627480 0.759770 0.627480 0.805660 0.517830 0.805660
0 0.290620 0.900390 0.396300 0.900390 0.396300 0.945310 0.290620 0.945310
0 0.521800 0.900390 0.631440 0.900390 0.631440 0.947270 0.521800 0.947270
0 0.778070 0.075195 0.890360 0.075195 0.890360 0.121090 0.778070 0.121090
0 0.776750 0.206050 0.889040 0.206050 0.889040 0.251950 0.776750 0.251950
0 0.778070 0.327150 0.890360 0.327150 0.890360 0.373050 0.778070 0.373050
0 0.776750 0.758790 0.889040 0.758790 0.889040 0.804690 0.776750 0.804690
0 0.776750 0.462890 0.889040 0.462890 0.889040 0.508790 0.776750 0.508790
0 0.137380 0.194340 0.159840 0.194340 0.159840 0.221680 0.137380 0.221680
0 0.141350 0.459960 0.163800 0.459960 0.163800 0.487300 0.141350 0.487300
0 0.140030 0.961910 0.159840 0.961910 0.159840 0.986330 0.140030 0.986330
