0 0.481450 0.171880 0.530270 0.171880 0.530270 0.204430 0.481450 0.204430
0 0.482420 0.256510 0.530270 0.256510 0.530270 0.290360 0.482420 0.290360
0 0.483400 0.341150 0.533200 0.341150 0.533200 0.375000 0.483400 0.375000
0 0.483400 0.425780 0.532230 0.425780 0.532230 0.460940 0.483400 0.460940
0 0.484380 0.557290 0.531250 0.557290 0.531250 0.634110 0.484380 0.634110
0 0.578120 0.584640 0.633790 0.584640 0.633790 0.617190 0.578120 0.617190
0 0.577150 0.550780 0.633790 0.550780 0.633790 0.572920 0.577150 0.572920
0 0.578120 0.628910 0.634770 0.628910 0.634770 0.651040 0.578120 0.651040
0 0.677730 0.549480 0.733400 0.549480 0.733400 0.572920 0.677730 0.572920
0 0.677730 0.628910 0.733400 0.628910 0.733400 0.651040 0.677730 0.651040
0 0.677730 0.584640 0.733400 0.584640 0.733400 0.617190 0.677730 0.617190
0 0.779300 0.546880 0.838870 0.546880 0.838870 0.583330 0.779300 0.583330
0 0.780270 0.610680 0.838870 0.610680 0.838870 0.648440 0.780270 0.648440
0 0.887700 0.614580 0.948240 0.614580 0.948240 0.653650 0.887700 0.653650
0 0.886720 0.549480 0.948240 0.549480 0.948240 0.585940 0.886720 0.585940
0 0.888670 0.341150 0.947270 0.341150 0.947270 0.373700 0.888670 0.373700
0 0.887700 0.423180 0.946290 0.423180 0.946290 0.458330 0.887700 0.458330
0 0.780270 0.341150 0.838870 0.341150 0.838870 0.373700 0.780270 0.373700
0 0.780270 0.424480 0.838870 0.424480 0.838870 0.458330 0.780270 0.458330
0 0.780270 0.255210 0.839840 0.255210 0.839840 0.290360 0.780270 0.290360
0 0.780270 0.171880 0.839840 0.171880 0.839840 0.205730 0.780270 0.205730
0 0.889650 0.255210 0.948240 0.255210 0.948240 0.289060 0.889650 0.289060
0 0.678710 0.171880 0.734380 0.171880 0.734380 0.205730 0.678710 0.205730
0 0.678710 0.256510 0.734380 0.256510 0.734380 0.290360 0.678710 0.290360
0 0.678710 0.341150 0.734380 0.341150 0.734380 0.375000 0.678710 0.375000
0 0.577150 0.171880 0.633790 0.171880 0.633790 0.204430 0.577150 0.204430
0 0.577150 0.256510 0.633790 0.256510 0.633790 0.290360 0.577150 0.290360
0 0.577150 0.341150 0.633790 0.341150 0.633790 0.375000 0.577150 0.375000
0 0.578120 0.425780 0.633790 0.425780 0.633790 0.458330 0.578120 0.458330
0 0.678710 0.424480 0.734380 0.424480 0.734380 0.458330 0.678710 0.458330
0 0.415040 0.069010 0.439450 0.069010 0.439450 0.145830 0.415040 0.145830
0 0.418950 0.222660 0.442380 0.222660 0.442380 0.299480 0.418950 0.299480
0 0.418950 0.376300 0.442380 0.376300 0.442380 0.453120 0.418950 0.453120
0 0.481450 0.085938 0.530270 0.085938 0.530270 0.119790 0.481450 0.119790
0 0.577150 0.084635 0.634770 0.084635 0.634770 0.118490 0.577150 0.118490
0 0.480470 0.002604 0.532230 0.002604 0.532230 0.033854 0.480470 0.033854
0 0.678710 0.085938 0.734380 0.085938 0.734380 0.121090 0.678710 0.121090
0 0.780270 0.087240 0.838870 0.087240 0.838870 0.119790 0.780270 0.119790
0 0.888670 0.161460 0.902340 0.161460 0.902340 0.217450 0.888670 0.217450
1 0.913090 0.158850 0.981450 0.158850 0.981450 0.217450 0.913090 0.217450
