0 0.194340 0.095528 0.275390 0.095528 0.275390 0.171750 0.194340 0.171750
0 0.196290 0.360770 0.277340 0.360770 0.277340 0.436990 0.196290 0.436990
0 0.198240 0.565040 0.279300 0.565040 0.279300 0.641260 0.198240 0.641260
0 0.201170 0.826220 0.282230 0.826220 0.282230 0.902440 0.201170 0.902440
0 0.331050 0.825200 0.414060 0.825200 0.414060 0.905490 0.331050 0.905490
0 0.328120 0.564020 0.413090 0.564020 0.413090 0.650410 0.328120 0.650410
0 0.327150 0.353660 0.412110 0.353660 0.412110 0.440040 0.327150 0.440040
0 0.326170 0.086382 0.411130 0.086382 0.411130 0.172760 0.326170 0.172760
0 0.467770 0.085366 0.577150 0.085366 0.577150 0.172760 0.467770 0.172760
0 0.465820 0.352640 0.576170 0.352640 0.576170 0.439020 0.465820 0.439020
0 0.467770 0.563010 0.577150 0.563010 0.577150 0.649390 0.467770 0.649390
0 0.467770 0.826220 0.577150 0.826220 0.577150 0.912600 0.467770 0.912600
0 0.625980 0.823170 0.750000 0.823170 0.750000 0.910570 0.625980 0.910570
0 0.625980 0.558940 0.750980 0.558940 0.750980 0.652440 0.625980 0.652440
0 0.627930 0.351630 0.751950 0.351630 0.751950 0.444110 0.627930 0.444110
0 0.626950 0.083333 0.750980 0.083333 0.750980 0.175810 0.626950 0.175810
0 0.144530 0.113820 0.161130 0.113820 0.161130 0.157520 0.144530 0.157520
0 0.143550 0.375000 0.161130 0.375000 0.161130 0.415650 0.143550 0.415650
0 0.144530 0.581300 0.162110 0.581300 0.162110 0.627030 0.144530 0.627030
0 0.147460 0.839430 0.166020 0.839430 0.166020 0.885160 0.147460 0.885160
