0 0.742190 0.602860 0.780270 0.602860 0.780270 0.652340 0.742190 0.652340
0 0.572270 0.321610 0.695310 0.321610 0.695310 0.386720 0.572270 0.386720
0 0.741210 0.304690 0.845700 0.304690 0.845700 0.401040 0.741210 0.401040
0 0.893550 0.311200 0.971680 0.311200 0.971680 0.390620 0.893550 0.390620
1 0.811520 0.583330 0.958010 0.583330 0.958010 0.671880 0.811520 0.671880
0 0.907230 0.779950 0.969730 0.779950 0.969730 0.847660 0.907230 0.847660
0 0.741210 0.783850 0.845700 0.783850 0.845700 0.841150 0.741210 0.841150
0 0.570310 0.778650 0.661130 0.778650 0.661130 0.841150 0.570310 0.841150
0 0.569340 0.595050 0.660160 0.595050 0.660160 0.656250 0.569340 0.656250
0 0.240230 0.596350 0.322270 0.596350 0.322270 0.652340 0.240230 0.652340
0 0.240230 0.778650 0.323240 0.778650 0.323240 0.833330 0.240230 0.833330
0 0.403320 0.779950 0.490230 0.779950 0.490230 0.835940 0.403320 0.835940
0 0.403320 0.596350 0.490230 0.596350 0.490230 0.652340 0.403320 0.652340
0 0.400390 0.320310 0.528320 0.320310 0.528320 0.389320 0.400390 0.389320
0 0.236330 0.328120 0.320310 0.328120 0.320310 0.382810 0.236330 0.382810
0 0.068359 0.326820 0.152340 0.326820 0.152340 0.381510 0.068359 0.381510
0 0.070312 0.596350 0.154300 0.596350 0.154300 0.651040 0.070312 0.651040
0 0.071289 0.778650 0.155270 0.778650 0.155270 0.833330 0.071289 0.833330
0 0.012695 0.026042 0.097656 0.026042 0.097656 0.121090 0.012695 0.121090
0 0.167970 0.026042 0.263670 0.026042 0.263670 0.119790 0.167970 0.119790
