0 0.129510 0.101560 0.266450 0.101560 0.266450 0.164060 0.129510 0.164060
0 0.130570 0.248050 0.267520 0.248050 0.267520 0.311520 0.130570 0.311520
0 0.127390 0.392580 0.264330 0.392580 0.264330 0.455080 0.127390 0.455080
0 0.127390 0.541990 0.264330 0.541990 0.264330 0.604490 0.127390 0.604490
0 0.328030 0.106450 0.472400 0.106450 0.472400 0.166020 0.328030 0.166020
0 0.328030 0.253910 0.472400 0.253910 0.472400 0.313480 0.328030 0.313480
0 0.326960 0.396480 0.471340 0.396480 0.471340 0.456050 0.326960 0.456050
0 0.324840 0.546880 0.469210 0.546880 0.469210 0.606450 0.324840 0.606450
0 0.123140 0.872070 0.255840 0.872070 0.255840 0.937500 0.123140 0.937500
0 0.124200 0.727540 0.255840 0.727540 0.255840 0.788090 0.124200 0.788090
0 0.325900 0.735350 0.470280 0.735350 0.470280 0.793950 0.325900 0.793950
0 0.319530 0.876950 0.462850 0.876950 0.462850 0.940430 0.319530 0.940430
0 0.547770 0.104490 0.701700 0.104490 0.701700 0.166990 0.547770 0.166990
0 0.547770 0.250000 0.702760 0.250000 0.702760 0.312500 0.547770 0.312500
0 0.546710 0.398440 0.701700 0.398440 0.701700 0.460940 0.546710 0.460940
0 0.547770 0.546880 0.702760 0.546880 0.702760 0.609380 0.547770 0.609380
0 0.544590 0.738280 0.699580 0.738280 0.699580 0.800780 0.544590 0.800780
1 0.835460 0.514650 0.995750 0.514650 0.995750 0.571290 0.835460 0.571290
