0 0.221830 0.104490 0.276410 0.104490 0.276410 0.125000 0.221830 0.125000
0 0.220070 0.178710 0.276410 0.178710 0.276410 0.199220 0.220070 0.199220
0 0.221830 0.252930 0.276410 0.252930 0.276410 0.273440 0.221830 0.273440
0 0.218310 0.463870 0.274650 0.463870 0.274650 0.484380 0.218310 0.484380
0 0.218310 0.541020 0.272890 0.541020 0.272890 0.561520 0.218310 0.561520
0 0.218310 0.617190 0.274650 0.617190 0.274650 0.637700 0.218310 0.637700
0 0.218310 0.695310 0.274650 0.695310 0.274650 0.715820 0.218310 0.715820
0 0.218310 0.772460 0.274650 0.772460 0.274650 0.791990 0.218310 0.791990
0 0.218310 0.848630 0.274650 0.848630 0.274650 0.869140 0.218310 0.869140
0 0.218310 0.925780 0.274650 0.925780 0.274650 0.946290 0.218310 0.946290
0 0.318660 0.103520 0.410210 0.103520 0.410210 0.127930 0.318660 0.127930
0 0.318660 0.177730 0.410210 0.177730 0.410210 0.202150 0.318660 0.202150
0 0.318660 0.252930 0.410210 0.252930 0.410210 0.277340 0.318660 0.277340
0 0.318660 0.462890 0.410210 0.462890 0.410210 0.487300 0.318660 0.487300
0 0.318660 0.541020 0.410210 0.541020 0.410210 0.565430 0.318660 0.565430
0 0.318660 0.619140 0.410210 0.619140 0.410210 0.643550 0.318660 0.643550
0 0.316900 0.695310 0.408450 0.695310 0.408450 0.719730 0.316900 0.719730
0 0.320420 0.773440 0.411970 0.773440 0.411970 0.798830 0.320420 0.798830
0 0.316900 0.850590 0.408450 0.850590 0.408450 0.875000 0.316900 0.875000
0 0.330990 0.345700 0.410210 0.345700 0.410210 0.375000 0.330990 0.375000
0 0.448940 0.346680 0.528170 0.346680 0.528170 0.376950 0.448940 0.376950
0 0.211270 0.344730 0.292250 0.344730 0.292250 0.375980 0.211270 0.375980
0 0.457750 0.105470 0.514080 0.105470 0.514080 0.125980 0.457750 0.125980
0 0.457750 0.178710 0.514080 0.178710 0.514080 0.199220 0.457750 0.199220
0 0.457750 0.252930 0.515850 0.252930 0.515850 0.274410 0.457750 0.274410
0 0.461270 0.541990 0.517610 0.541990 0.517610 0.562500 0.461270 0.562500
0 0.461270 0.619140 0.517610 0.619140 0.517610 0.639650 0.461270 0.639650
0 0.461270 0.696290 0.517610 0.696290 0.517610 0.716800 0.461270 0.716800
0 0.461270 0.773440 0.517610 0.773440 0.517610 0.793950 0.461270 0.793950
0 0.461270 0.849610 0.517610 0.849610 0.517610 0.871090 0.461270 0.871090
0 0.461270 0.464840 0.517610 0.464840 0.517610 0.486330 0.461270 0.486330
0 0.075704 0.626950 0.147890 0.626950 0.147890 0.636720 0.075704 0.636720
0 0.079225 0.485350 0.149650 0.485350 0.149650 0.499020 0.079225 0.499020
0 0.075704 0.765620 0.149650 0.765620 0.149650 0.775390 0.075704 0.775390
