0 0.210940 0.757990 0.278320 0.757990 0.278320 0.816210 0.210940 0.816210
0 0.212890 0.941780 0.281250 0.941780 0.281250 0.990870 0.212890 0.990870
0 0.209960 0.574200 0.277340 0.574200 0.277340 0.632420 0.209960 0.632420
0 0.210940 0.388130 0.278320 0.388130 0.278320 0.446350 0.210940 0.446350
0 0.214840 0.205480 0.282230 0.205480 0.282230 0.263700 0.214840 0.263700
0 0.218750 0.028539 0.286130 0.028539 0.286130 0.086758 0.218750 0.086758
0 0.336910 0.205480 0.416020 0.205480 0.416020 0.263700 0.336910 0.263700
0 0.333980 0.386990 0.413090 0.386990 0.413090 0.445210 0.333980 0.445210
0 0.333010 0.573060 0.412110 0.573060 0.412110 0.631280 0.333010 0.631280
0 0.332030 0.760270 0.411130 0.760270 0.411130 0.818490 0.332030 0.818490
0 0.474610 0.576480 0.553710 0.576480 0.553710 0.634700 0.474610 0.634700
0 0.474610 0.388130 0.553710 0.388130 0.553710 0.446350 0.474610 0.446350
0 0.472660 0.760270 0.551760 0.760270 0.551760 0.818490 0.472660 0.818490
0 0.476560 0.202050 0.555660 0.202050 0.555660 0.260270 0.476560 0.260270
0 0.614260 0.200910 0.701170 0.200910 0.701170 0.256850 0.614260 0.256850
0 0.610350 0.573060 0.684570 0.573060 0.684570 0.633560 0.610350 0.633560
0 0.612300 0.383560 0.686520 0.383560 0.686520 0.444060 0.612300 0.444060
0 0.609380 0.764840 0.697270 0.764840 0.697270 0.819630 0.609380 0.819630
0 0.761720 0.205480 0.825200 0.205480 0.825200 0.259130 0.761720 0.259130
0 0.764650 0.386990 0.828120 0.386990 0.828120 0.440640 0.764650 0.440640
0 0.762700 0.577630 0.826170 0.577630 0.826170 0.631280 0.762700 0.631280
0 0.762700 0.765980 0.826170 0.765980 0.826170 0.819630 0.762700 0.819630
1 0.879880 0.559360 0.998050 0.559360 0.998050 0.650680 0.879880 0.650680
0 0.068359 0.392690 0.084961 0.392690 0.084961 0.448630 0.068359 0.448630
0 0.067383 0.574200 0.083984 0.574200 0.083984 0.630140 0.067383 0.630140
0 0.072266 0.212330 0.088867 0.212330 0.088867 0.268260 0.072266 0.268260
0 0.077148 0.039954 0.094727 0.039954 0.094727 0.095890 0.077148 0.095890
0 0.067383 0.756850 0.083984 0.756850 0.083984 0.812790 0.067383 0.812790
