0 0.048218 0.032227 0.145700 0.032227 0.145700 0.090820 0.048218 0.090820
0 0.232700 0.030273 0.327040 0.030273 0.327040 0.088867 0.232700 0.088867
0 0.428720 0.027344 0.517820 0.027344 0.517820 0.086914 0.428720 0.086914
0 0.610060 0.029297 0.714880 0.029297 0.714880 0.091797 0.610060 0.091797
0 0.054507 0.296880 0.116350 0.296880 0.116350 0.358400 0.054507 0.358400
0 0.228510 0.295900 0.300840 0.295900 0.300840 0.358400 0.228510 0.358400
0 0.425580 0.297850 0.506290 0.297850 0.506290 0.360350 0.425580 0.360350
0 0.611110 0.300780 0.709640 0.300780 0.709640 0.361330 0.611110 0.361330
0 0.054507 0.545900 0.119500 0.545900 0.119500 0.601560 0.054507 0.601560
0 0.205450 0.573240 0.306080 0.573240 0.306080 0.631840 0.205450 0.631840
0 0.410900 0.578120 0.503140 0.578120 0.503140 0.633790 0.410900 0.633790
0 0.599580 0.579100 0.706500 0.579100 0.706500 0.637700 0.599580 0.637700
0 0.610060 0.687500 0.716980 0.687500 0.716980 0.745120 0.610060 0.745120
0 0.425580 0.687500 0.516770 0.687500 0.516770 0.745120 0.425580 0.745120
0 0.232700 0.681640 0.327040 0.681640 0.327040 0.745120 0.232700 0.745120
0 0.058700 0.676760 0.144650 0.676760 0.144650 0.740230 0.058700 0.740230
0 0.064990 0.894530 0.150940 0.894530 0.150940 0.949220 0.064990 0.949220
0 0.234800 0.900390 0.329140 0.900390 0.329140 0.962890 0.234800 0.962890
0 0.428720 0.901370 0.515720 0.901370 0.515720 0.962890 0.428720 0.962890
0 0.609010 0.905270 0.714880 0.905270 0.714880 0.961910 0.609010 0.961910
0 0.057652 0.178710 0.143610 0.178710 0.143610 0.208010 0.057652 0.208010
0 0.230610 0.176760 0.322850 0.176760 0.322850 0.207030 0.230610 0.207030
0 0.424530 0.176760 0.518870 0.176760 0.518870 0.208980 0.424530 0.208980
0 0.612160 0.177730 0.716980 0.177730 0.716980 0.211910 0.612160 0.211910
0 0.610060 0.453120 0.715930 0.453120 0.715930 0.487300 0.610060 0.487300
0 0.607970 0.809570 0.712790 0.809570 0.712790 0.840820 0.607970 0.840820
0 0.427670 0.808590 0.516770 0.808590 0.516770 0.840820 0.427670 0.840820
0 0.426620 0.453120 0.516770 0.453120 0.516770 0.488280 0.426620 0.488280
0 0.227460 0.448240 0.324950 0.448240 0.324950 0.483400 0.227460 0.483400
0 0.235850 0.807620 0.328090 0.807620 0.328090 0.840820 0.235850 0.840820
0 0.061845 0.801760 0.146750 0.801760 0.146750 0.833980 0.061845 0.833980
0 0.053459 0.445310 0.142560 0.445310 0.142560 0.475590 0.053459 0.475590
0 0.813420 0.457030 0.920340 0.457030 0.920340 0.487300 0.813420 0.487300
