0 0.160740 0.038086 0.308680 0.038086 0.308680 0.076172 0.160740 0.076172
0 0.150780 0.194340 0.297300 0.194340 0.297300 0.232420 0.150780 0.232420
0 0.140830 0.363280 0.288760 0.363280 0.288760 0.400390 0.140830 0.400390
0 0.137980 0.539060 0.284500 0.539060 0.284500 0.580080 0.137980 0.580080
0 0.143670 0.716800 0.291610 0.716800 0.291610 0.754880 0.143670 0.754880
0 0.155050 0.892580 0.301560 0.892580 0.301560 0.930660 0.155050 0.930660
0 0.467990 0.536130 0.650070 0.536130 0.650070 0.578120 0.467990 0.578120
0 0.467990 0.355470 0.650070 0.355470 0.650070 0.398440 0.467990 0.398440
0 0.470840 0.033203 0.647230 0.033203 0.647230 0.071289 0.470840 0.071289
0 0.467990 0.188480 0.644380 0.188480 0.644380 0.226560 0.467990 0.226560
0 0.470840 0.711910 0.655760 0.711910 0.655760 0.754880 0.470840 0.754880
0 0.475110 0.891600 0.651490 0.891600 0.651490 0.933590 0.475110 0.933590
0 0.806540 0.521480 0.968710 0.521480 0.968710 0.580080 0.806540 0.580080
0 0.800850 0.880860 0.957330 0.880860 0.957330 0.932620 0.800850 0.932620
0 0.806540 0.699220 0.965860 0.699220 0.965860 0.757810 0.806540 0.757810
0 0.800850 0.344730 0.963020 0.344730 0.963020 0.404300 0.800850 0.404300
0 0.793740 0.179690 0.950210 0.179690 0.950210 0.234380 0.793740 0.234380
0 0.788050 0.023438 0.938830 0.023438 0.938830 0.074219 0.788050 0.074219
