0 0.383910 0.074219 0.459100 0.074219 0.459100 0.105470 0.383910 0.105470
0 0.382590 0.146480 0.459100 0.146480 0.459100 0.177730 0.382590 0.177730
0 0.381270 0.218750 0.456460 0.218750 0.456460 0.250000 0.381270 0.250000
0 0.381270 0.282230 0.456460 0.282230 0.456460 0.312500 0.381270 0.312500
0 0.370710 0.353520 0.452510 0.353520 0.452510 0.384770 0.370710 0.384770
0 0.379950 0.428710 0.455150 0.428710 0.455150 0.459960 0.379950 0.459960
0 0.378630 0.511720 0.455150 0.511720 0.455150 0.542970 0.378630 0.542970
0 0.378630 0.594730 0.453830 0.594730 0.453830 0.625980 0.378630 0.625980
0 0.372030 0.668950 0.451190 0.668950 0.451190 0.700200 0.372030 0.700200
0 0.381270 0.740230 0.456460 0.740230 0.456460 0.771480 0.381270 0.771480
0 0.382590 0.808590 0.457780 0.808590 0.457780 0.839840 0.382590 0.839840
0 0.381270 0.874020 0.456460 0.874020 0.456460 0.904300 0.381270 0.904300
0 0.382590 0.940430 0.457780 0.940430 0.457780 0.970700 0.382590 0.970700
0 0.513190 0.074219 0.588390 0.074219 0.588390 0.105470 0.513190 0.105470
0 0.513190 0.144530 0.588390 0.144530 0.588390 0.175780 0.513190 0.175780
0 0.514510 0.219730 0.591030 0.219730 0.591030 0.250980 0.514510 0.250980
0 0.513190 0.283200 0.588390 0.283200 0.588390 0.314450 0.513190 0.314450
0 0.510550 0.351560 0.585750 0.351560 0.585750 0.382810 0.510550 0.382810
0 0.507920 0.670900 0.584430 0.670900 0.584430 0.702150 0.507920 0.702150
0 0.511870 0.740230 0.587070 0.740230 0.587070 0.771480 0.511870 0.771480
0 0.510550 0.806640 0.585750 0.806640 0.585750 0.836910 0.510550 0.836910
0 0.511870 0.872070 0.587070 0.872070 0.587070 0.903320 0.511870 0.903320
0 0.510550 0.938480 0.585750 0.938480 0.585750 0.969730 0.510550 0.969730
0 0.639840 0.808590 0.700530 0.808590 0.700530 0.835940 0.639840 0.835940
0 0.639840 0.873050 0.700530 0.873050 0.700530 0.901370 0.639840 0.901370
0 0.637200 0.939450 0.697890 0.939450 0.697890 0.967770 0.637200 0.967770
0 0.641160 0.742190 0.701850 0.742190 0.701850 0.769530 0.641160 0.769530
0 0.641160 0.672850 0.701850 0.672850 0.701850 0.700200 0.641160 0.700200
0 0.643800 0.597660 0.704490 0.597660 0.704490 0.625980 0.643800 0.625980
0 0.642480 0.513670 0.703170 0.513670 0.703170 0.541990 0.642480 0.541990
0 0.643800 0.428710 0.704490 0.428710 0.704490 0.457030 0.643800 0.457030
0 0.643800 0.354490 0.704490 0.354490 0.704490 0.382810 0.643800 0.382810
0 0.646440 0.284180 0.707120 0.284180 0.707120 0.312500 0.646440 0.312500
0 0.645120 0.221680 0.705800 0.221680 0.705800 0.249020 0.645120 0.249020
0 0.642480 0.076172 0.703170 0.076172 0.703170 0.104490 0.642480 0.104490
0 0.513190 0.426760 0.587070 0.426760 0.587070 0.461910 0.513190 0.461910
0 0.506600 0.509770 0.587070 0.509770 0.587070 0.544920 0.506600 0.544920
0 0.509230 0.593750 0.587070 0.593750 0.587070 0.628910 0.509230 0.628910
0 0.277040 0.167970 0.317940 0.167970 0.317940 0.187500 0.277040 0.187500
0 0.273090 0.274410 0.313980 0.274410 0.313980 0.294920 0.273090 0.294920
0 0.273090 0.871090 0.313980 0.871090 0.313980 0.890620 0.273090 0.890620
0 0.271770 0.767580 0.312660 0.767580 0.312660 0.788090 0.271770 0.788090
0 0.261210 0.507810 0.294200 0.507810 0.294200 0.543950 0.261210 0.543950
1 0.643800 0.132810 0.781000 0.132810 0.781000 0.194340 0.643800 0.194340
