0 0.138360 0.220700 0.202470 0.220700 0.202470 0.278320 0.138360 0.278320
0 0.138360 0.391600 0.202470 0.391600 0.202470 0.449220 0.138360 0.449220
0 0.139480 0.561520 0.203600 0.561520 0.203600 0.619140 0.139480 0.619140
0 0.142860 0.894530 0.206970 0.894530 0.206970 0.952150 0.142860 0.952150
0 0.138360 0.730470 0.202470 0.730470 0.202470 0.788090 0.138360 0.788090
0 0.312710 0.050781 0.438700 0.050781 0.438700 0.105470 0.312710 0.105470
0 0.312710 0.221680 0.438700 0.221680 0.438700 0.277340 0.312710 0.277340
0 0.311590 0.395510 0.440940 0.395510 0.440940 0.449220 0.311590 0.449220
0 0.310460 0.563480 0.439820 0.563480 0.439820 0.617190 0.310460 0.617190
0 0.311590 0.728520 0.446570 0.728520 0.446570 0.791990 0.311590 0.791990
0 0.310460 0.897460 0.438700 0.897460 0.438700 0.958980 0.310460 0.958980
0 0.508440 0.556640 0.664790 0.556640 0.664790 0.628910 0.508440 0.628910
0 0.507310 0.383790 0.663670 0.383790 0.663670 0.457030 0.507310 0.457030
0 0.507310 0.211910 0.663670 0.211910 0.663670 0.285160 0.507310 0.285160
0 0.507310 0.041016 0.663670 0.041016 0.663670 0.114260 0.507310 0.114260
0 0.502810 0.728520 0.660290 0.728520 0.660290 0.800780 0.502810 0.800780
0 0.505060 0.896480 0.658040 0.896480 0.658040 0.968750 0.505060 0.968750
1 0.860520 0.535160 0.985380 0.535160 0.985380 0.634770 0.860520 0.634770
0 0.767150 0.531250 0.820020 0.531250 0.820020 0.639650 0.767150 0.639650
0 0.770530 0.395510 0.822270 0.395510 0.822270 0.484380 0.770530 0.484380
0 0.762650 0.707030 0.815520 0.707030 0.815520 0.772460 0.762650 0.772460
0 0.770530 0.262700 0.818900 0.262700 0.818900 0.307620 0.770530 0.307620
