0 0.878310 0.851560 0.953010 0.851560 0.953010 0.883790 0.878310 0.883790
0 0.739760 0.852540 0.814460 0.852540 0.814460 0.884770 0.739760 0.884770
0 0.879520 0.757810 0.951810 0.757810 0.951810 0.790040 0.879520 0.790040
0 0.879520 0.685550 0.953010 0.685550 0.953010 0.716800 0.879520 0.716800
0 0.878310 0.610350 0.951810 0.610350 0.951810 0.641600 0.878310 0.641600
0 0.739760 0.758790 0.815660 0.758790 0.815660 0.790040 0.739760 0.790040
0 0.740960 0.686520 0.814460 0.686520 0.814460 0.717770 0.740960 0.717770
0 0.739760 0.611330 0.814460 0.611330 0.814460 0.641600 0.739760 0.641600
0 0.879520 0.535160 0.951810 0.535160 0.951810 0.566410 0.879520 0.566410
0 0.879520 0.461910 0.951810 0.461910 0.951810 0.494140 0.879520 0.494140
0 0.877110 0.368160 0.951810 0.368160 0.951810 0.398440 0.877110 0.398440
0 0.740960 0.536130 0.815660 0.536130 0.815660 0.566410 0.740960 0.566410
0 0.740960 0.463870 0.814460 0.463870 0.814460 0.495120 0.740960 0.495120
0 0.739760 0.368160 0.813250 0.368160 0.813250 0.399410 0.739760 0.399410
0 0.608430 0.462890 0.674700 0.462890 0.674700 0.495120 0.608430 0.495120
0 0.607230 0.369140 0.673490 0.369140 0.673490 0.400390 0.607230 0.400390
0 0.607230 0.686520 0.673490 0.686520 0.673490 0.718750 0.607230 0.718750
0 0.608430 0.611330 0.673490 0.611330 0.673490 0.642580 0.608430 0.642580
0 0.607230 0.536130 0.673490 0.536130 0.673490 0.568360 0.607230 0.568360
0 0.606020 0.758790 0.674700 0.758790 0.674700 0.791020 0.606020 0.791020
0 0.604820 0.853520 0.672290 0.853520 0.672290 0.885740 0.604820 0.885740
0 0.475900 0.853520 0.540960 0.853520 0.540960 0.885740 0.475900 0.885740
0 0.349400 0.841800 0.415660 0.841800 0.415660 0.899410 0.349400 0.899410
0 0.478310 0.759770 0.544580 0.759770 0.544580 0.791020 0.478310 0.791020
0 0.478310 0.686520 0.543370 0.686520 0.543370 0.718750 0.478310 0.718750
0 0.478310 0.610350 0.544580 0.610350 0.544580 0.641600 0.478310 0.641600
0 0.350600 0.758790 0.415660 0.758790 0.415660 0.791990 0.350600 0.791990
0 0.353010 0.685550 0.415660 0.685550 0.415660 0.718750 0.353010 0.718750
0 0.353010 0.609380 0.415660 0.609380 0.415660 0.642580 0.353010 0.642580
0 0.479520 0.536130 0.544580 0.536130 0.544580 0.567380 0.479520 0.567380
0 0.478310 0.462890 0.545780 0.462890 0.545780 0.494140 0.478310 0.494140
0 0.478310 0.368160 0.543370 0.368160 0.543370 0.400390 0.478310 0.400390
0 0.353010 0.535160 0.416870 0.535160 0.416870 0.568360 0.353010 0.568360
0 0.353010 0.461910 0.416870 0.461910 0.416870 0.497070 0.353010 0.497070
0 0.350600 0.355470 0.414460 0.355470 0.414460 0.411130 0.350600 0.411130
0 0.407230 0.241210 0.474700 0.241210 0.474700 0.272460 0.407230 0.272460
0 0.413250 0.148440 0.480720 0.148440 0.480720 0.179690 0.413250 0.179690
0 0.546990 0.241210 0.610840 0.241210 0.610840 0.273440 0.546990 0.273440
0 0.689160 0.242190 0.757830 0.242190 0.757830 0.272460 0.689160 0.272460
0 0.493980 0.942380 0.559040 0.942380 0.559040 0.970700 0.493980 0.970700
0 0.621690 0.942380 0.689160 0.942380 0.689160 0.968750 0.621690 0.968750
0 0.365060 0.941410 0.428920 0.941410 0.428920 0.970700 0.365060 0.970700
