0 0.163090 0.167660 0.292970 0.167660 0.292970 0.219160 0.163090 0.219160
0 0.162110 0.050299 0.291990 0.050299 0.291990 0.101800 0.162110 0.101800
0 0.162110 0.291020 0.291990 0.291020 0.291990 0.342510 0.162110 0.342510
0 0.161130 0.411980 0.290040 0.411980 0.290040 0.464670 0.161130 0.464670
0 0.160160 0.536530 0.289060 0.536530 0.289060 0.588020 0.160160 0.588020
0 0.160160 0.659880 0.290040 0.659880 0.290040 0.711380 0.160160 0.711380
0 0.160160 0.783230 0.290040 0.783230 0.290040 0.834730 0.160160 0.834730
0 0.160160 0.904190 0.290040 0.904190 0.290040 0.955690 0.160160 0.955690
0 0.358400 0.899400 0.494140 0.899400 0.494140 0.954490 0.358400 0.954490
0 0.358400 0.778440 0.494140 0.778440 0.494140 0.833530 0.358400 0.833530
0 0.359380 0.655090 0.495120 0.655090 0.495120 0.710180 0.359380 0.710180
0 0.358400 0.535330 0.494140 0.535330 0.494140 0.589220 0.358400 0.589220
0 0.360350 0.410780 0.496090 0.410780 0.496090 0.465870 0.360350 0.465870
0 0.359380 0.286230 0.496090 0.286230 0.496090 0.341320 0.359380 0.341320
0 0.359380 0.167660 0.495120 0.167660 0.495120 0.221560 0.359380 0.221560
0 0.555660 0.289820 0.692380 0.289820 0.692380 0.344910 0.555660 0.344910
0 0.554690 0.410780 0.690430 0.410780 0.690430 0.464670 0.554690 0.464670
0 0.553710 0.166470 0.689450 0.166470 0.689450 0.221560 0.553710 0.221560
0 0.553710 0.532930 0.689450 0.532930 0.689450 0.586830 0.553710 0.586830
0 0.554690 0.657490 0.690430 0.657490 0.690430 0.711380 0.554690 0.711380
0 0.554690 0.779640 0.690430 0.779640 0.690430 0.833530 0.554690 0.833530
0 0.555660 0.901800 0.692380 0.901800 0.692380 0.956890 0.555660 0.956890
0 0.360350 0.049102 0.485350 0.049102 0.485350 0.100600 0.360350 0.100600
0 0.554690 0.049102 0.679690 0.049102 0.679690 0.101800 0.554690 0.101800
0 0.772460 0.755690 0.984380 0.755690 0.984380 0.970060 0.772460 0.970060
0 0.774410 0.511380 0.981450 0.511380 0.981450 0.731740 0.774410 0.731740
