1 0.804690 0.095238 0.940430 0.095238 0.940430 0.187900 0.804690 0.187900
0 0.808590 0.268980 0.880860 0.268980 0.880860 0.360360 0.808590 0.360360
0 0.670900 0.118400 0.745120 0.118400 0.745120 0.171170 0.670900 0.171170
0 0.669920 0.320460 0.745120 0.320460 0.745120 0.370660 0.669920 0.370660
0 0.669920 0.258690 0.744140 0.258690 0.744140 0.308880 0.669920 0.308880
0 0.669920 0.558560 0.744140 0.558560 0.744140 0.610040 0.669920 0.610040
0 0.808590 0.419560 0.879880 0.419560 0.879880 0.509650 0.808590 0.509650
0 0.670900 0.429860 0.744140 0.429860 0.744140 0.500640 0.670900 0.500640
0 0.807620 0.568850 0.879880 0.568850 0.879880 0.658940 0.807620 0.658940
0 0.807620 0.731020 0.878910 0.731020 0.878910 0.819820 0.807620 0.819820
0 0.669920 0.620330 0.744140 0.620330 0.744140 0.669240 0.669920 0.669240
0 0.669920 0.750320 0.744140 0.750320 0.744140 0.804380 0.669920 0.804380
0 0.538090 0.750320 0.611330 0.750320 0.611330 0.804380 0.538090 0.804380
0 0.410160 0.750320 0.483400 0.750320 0.483400 0.805660 0.410160 0.805660
0 0.539060 0.619050 0.612300 0.619050 0.612300 0.667950 0.539060 0.667950
0 0.412110 0.620330 0.483400 0.620330 0.483400 0.666670 0.412110 0.666670
0 0.539060 0.558560 0.611330 0.558560 0.611330 0.608750 0.539060 0.608750
0 0.411130 0.559850 0.482420 0.559850 0.482420 0.607460 0.411130 0.607460
0 0.538090 0.428570 0.611330 0.428570 0.611330 0.500640 0.538090 0.500640
0 0.410160 0.431150 0.482420 0.431150 0.482420 0.499360 0.410160 0.499360
0 0.538090 0.320460 0.610350 0.320460 0.610350 0.370660 0.538090 0.370660
0 0.538090 0.258690 0.611330 0.258690 0.611330 0.308880 0.538090 0.308880
0 0.409180 0.320460 0.481450 0.320460 0.481450 0.369370 0.409180 0.369370
0 0.409180 0.258690 0.481450 0.258690 0.481450 0.307590 0.409180 0.307590
0 0.536130 0.115830 0.610350 0.115830 0.610350 0.172460 0.536130 0.172460
0 0.405270 0.115830 0.480470 0.115830 0.480470 0.172460 0.405270 0.172460
0 0.298830 0.106820 0.328120 0.106820 0.328120 0.124840 0.298830 0.124840
0 0.298830 0.133850 0.328120 0.133850 0.328120 0.151870 0.298830 0.151870
0 0.300780 0.160880 0.329100 0.160880 0.329100 0.178890 0.300780 0.178890
0 0.303710 0.741310 0.333010 0.741310 0.333010 0.760620 0.303710 0.760620
0 0.303710 0.768340 0.333010 0.768340 0.333010 0.787640 0.303710 0.787640
0 0.303710 0.794080 0.333010 0.794080 0.333010 0.812100 0.303710 0.812100
