0 0.114530 0.073242 0.258620 0.073242 0.258620 0.147460 0.114530 0.147460
0 0.114530 0.311520 0.258620 0.311520 0.258620 0.386720 0.114530 0.386720
0 0.113300 0.488280 0.256160 0.488280 0.256160 0.562500 0.113300 0.562500
0 0.119460 0.687500 0.262320 0.687500 0.262320 0.761720 0.119460 0.761720
0 0.117000 0.853520 0.261080 0.853520 0.261080 0.927730 0.117000 0.927730
0 0.399010 0.852540 0.541870 0.852540 0.541870 0.926760 0.399010 0.926760
0 0.395320 0.488280 0.539410 0.488280 0.539410 0.562500 0.395320 0.562500
0 0.392860 0.304690 0.535710 0.304690 0.535710 0.378910 0.392860 0.378910
0 0.389160 0.063477 0.546800 0.063477 0.546800 0.137700 0.389160 0.137700
1 0.679800 0.294920 0.966750 0.294920 0.966750 0.383790 0.679800 0.383790
