0 0.062288 0.274410 0.121180 0.274410 0.121180 0.305660 0.062288 0.305660
0 0.063420 0.829100 0.121180 0.829100 0.121180 0.860350 0.063420 0.860350
0 0.229900 0.421880 0.325030 0.421880 0.325030 0.461910 0.229900 0.461910
0 0.229900 0.547850 0.323900 0.547850 0.323900 0.587890 0.229900 0.587890
0 0.229900 0.670900 0.325030 0.670900 0.325030 0.710940 0.229900 0.710940
0 0.409970 0.419920 0.511890 0.419920 0.511890 0.462890 0.409970 0.462890
0 0.411100 0.543950 0.513020 0.543950 0.513020 0.587890 0.411100 0.587890
0 0.411100 0.669920 0.511890 0.669920 0.511890 0.712890 0.411100 0.712890
0 0.587770 0.667970 0.699890 0.667970 0.699890 0.712890 0.587770 0.712890
0 0.587770 0.543950 0.698750 0.543950 0.698750 0.587890 0.587770 0.587890
0 0.586640 0.418950 0.698750 0.418950 0.698750 0.463870 0.586640 0.463870
0 0.227630 0.254880 0.323900 0.254880 0.323900 0.285160 0.227630 0.285160
0 0.228770 0.295900 0.323900 0.295900 0.323900 0.326170 0.228770 0.326170
0 0.229900 0.849610 0.325030 0.849610 0.325030 0.879880 0.229900 0.879880
0 0.229900 0.809570 0.325030 0.809570 0.325030 0.838870 0.229900 0.838870
0 0.402040 0.253910 0.516420 0.253910 0.516420 0.326170 0.402040 0.326170
0 0.404300 0.805660 0.517550 0.805660 0.517550 0.877930 0.404300 0.877930
0 0.585500 0.256840 0.695360 0.256840 0.695360 0.326170 0.585500 0.326170
0 0.585500 0.806640 0.694220 0.806640 0.694220 0.876950 0.585500 0.876950
0 0.214040 0.033203 0.315970 0.033203 0.315970 0.112300 0.214040 0.112300
0 0.400910 0.032227 0.500570 0.032227 0.500570 0.110350 0.400910 0.110350
0 0.053228 0.026367 0.141560 0.026367 0.141560 0.119140 0.053228 0.119140
0 0.595700 0.028320 0.685160 0.028320 0.685160 0.133790 0.595700 0.133790
0 0.086070 0.669920 0.107590 0.669920 0.107590 0.687500 0.086070 0.687500
0 0.086070 0.547850 0.107590 0.547850 0.107590 0.566410 0.086070 0.566410
0 0.084938 0.421880 0.106460 0.421880 0.106460 0.440430 0.084938 0.440430
1 0.821060 0.419920 0.947900 0.419920 0.947900 0.465820 0.821060 0.465820
