0 0.496090 0.077451 0.584960 0.077451 0.584960 0.150980 0.496090 0.150980
0 0.499020 0.269610 0.588870 0.269610 0.588870 0.343140 0.499020 0.343140
0 0.499020 0.461760 0.588870 0.461760 0.588870 0.535290 0.499020 0.535290
0 0.497070 0.650980 0.585940 0.650980 0.585940 0.725490 0.497070 0.725490
0 0.498050 0.847060 0.587890 0.847060 0.587890 0.920590 0.498050 0.920590
0 0.655270 0.462750 0.745120 0.462750 0.745120 0.536270 0.655270 0.536270
0 0.656250 0.275490 0.746090 0.275490 0.746090 0.349020 0.656250 0.349020
0 0.655270 0.076471 0.745120 0.076471 0.745120 0.150000 0.655270 0.150000
0 0.653320 0.656860 0.742190 0.656860 0.742190 0.730390 0.653320 0.730390
0 0.652340 0.850000 0.741210 0.850000 0.741210 0.923530 0.652340 0.923530
0 0.328120 0.846080 0.381840 0.846080 0.381840 0.912750 0.328120 0.912750
0 0.328120 0.652940 0.382810 0.652940 0.382810 0.719610 0.328120 0.719610
0 0.331050 0.465690 0.384770 0.465690 0.384770 0.532350 0.331050 0.532350
0 0.333010 0.276470 0.387700 0.276470 0.387700 0.343140 0.333010 0.343140
0 0.333010 0.085294 0.386720 0.085294 0.386720 0.151960 0.333010 0.151960
0 0.857420 0.266670 0.958980 0.266670 0.958980 0.348040 0.857420 0.348040
0 0.853520 0.649020 0.958010 0.649020 0.958010 0.730390 0.853520 0.730390
0 0.853520 0.845100 0.956050 0.845100 0.956050 0.926470 0.853520 0.926470
0 0.862300 0.461760 0.949220 0.461760 0.949220 0.540200 0.862300 0.540200
0 0.858400 0.074510 0.959960 0.074510 0.959960 0.151960 0.858400 0.151960
0 0.077148 0.083333 0.109380 0.083333 0.109380 0.193140 0.077148 0.193140
0 0.199220 0.079412 0.239260 0.079412 0.239260 0.193140 0.199220 0.193140
0 0.198240 0.322550 0.238280 0.322550 0.238280 0.436270 0.198240 0.436270
0 0.196290 0.808820 0.236330 0.808820 0.236330 0.922550 0.196290 0.922550
0 0.076172 0.322550 0.108400 0.322550 0.108400 0.437250 0.076172 0.437250
0 0.075195 0.803920 0.106450 0.803920 0.106450 0.919610 0.075195 0.919610
0 0.076172 0.580390 0.108400 0.580390 0.108400 0.696080 0.076172 0.696080
0 0.197270 0.564710 0.237300 0.564710 0.237300 0.678430 0.197270 0.678430
