0 0.090820 0.099355 0.203120 0.099355 0.203120 0.172900 0.090820 0.172900
0 0.087891 0.295480 0.200200 0.295480 0.200200 0.369030 0.087891 0.369030
0 0.086914 0.491610 0.199220 0.491610 0.199220 0.565160 0.086914 0.565160
0 0.089844 0.678710 0.202150 0.678710 0.202150 0.752260 0.089844 0.752260
0 0.094727 0.870970 0.208010 0.870970 0.208010 0.944520 0.094727 0.944520
0 0.312500 0.872260 0.436520 0.872260 0.436520 0.948390 0.312500 0.948390
0 0.310550 0.680000 0.433590 0.680000 0.433590 0.757420 0.310550 0.757420
0 0.307620 0.490320 0.430660 0.490320 0.430660 0.567740 0.307620 0.567740
0 0.310550 0.291610 0.433590 0.291610 0.433590 0.369030 0.310550 0.369030
0 0.314450 0.100650 0.437500 0.100650 0.437500 0.178060 0.314450 0.178060
0 0.546880 0.108390 0.665040 0.108390 0.665040 0.187100 0.546880 0.187100
0 0.543950 0.296770 0.662110 0.296770 0.662110 0.375480 0.543950 0.375480
0 0.543950 0.487740 0.662110 0.487740 0.662110 0.566450 0.543950 0.566450
0 0.544920 0.681290 0.662110 0.681290 0.662110 0.760000 0.544920 0.760000
0 0.542970 0.867100 0.661130 0.867100 0.661130 0.945810 0.542970 0.945810
1 0.798830 0.381940 0.987300 0.381940 0.987300 0.501940 0.798830 0.501940
