0 0.323480 0.267580 0.418350 0.267580 0.418350 0.310550 0.323480 0.310550
0 0.321930 0.355470 0.416800 0.355470 0.416800 0.398440 0.321930 0.398440
0 0.320370 0.457030 0.415240 0.457030 0.415240 0.500000 0.320370 0.500000
0 0.315710 0.545900 0.415240 0.545900 0.415240 0.591800 0.315710 0.591800
0 0.314150 0.661130 0.413690 0.661130 0.413690 0.707030 0.314150 0.707030
0 0.315710 0.771480 0.412130 0.771480 0.412130 0.815430 0.315710 0.815430
0 0.110420 0.432620 0.189740 0.432620 0.189740 0.497070 0.110420 0.497070
0 0.115090 0.288090 0.194400 0.288090 0.194400 0.352540 0.115090 0.352540
0 0.107310 0.578120 0.185070 0.578120 0.185070 0.644530 0.107310 0.644530
0 0.107310 0.754880 0.183510 0.754880 0.183510 0.783200 0.107310 0.783200
0 0.531880 0.264650 0.657850 0.264650 0.657850 0.311520 0.531880 0.311520
0 0.531880 0.353520 0.657850 0.353520 0.657850 0.400390 0.531880 0.400390
0 0.533440 0.454100 0.659410 0.454100 0.659410 0.500000 0.533440 0.500000
0 0.531880 0.545900 0.657850 0.545900 0.657850 0.591800 0.531880 0.591800
0 0.530330 0.658200 0.654740 0.658200 0.654740 0.705080 0.530330 0.705080
0 0.528770 0.769530 0.653190 0.769530 0.653190 0.816410 0.528770 0.816410
0 0.763610 0.456050 0.856920 0.456050 0.856920 0.499020 0.763610 0.499020
0 0.763610 0.543950 0.856920 0.543950 0.856920 0.586910 0.763610 0.586910
0 0.762050 0.351560 0.855370 0.351560 0.855370 0.393550 0.762050 0.393550
0 0.762050 0.273440 0.853810 0.273440 0.853810 0.316410 0.762050 0.316410
0 0.758940 0.658200 0.852260 0.658200 0.852260 0.701170 0.758940 0.701170
0 0.567650 0.095703 0.678070 0.095703 0.678070 0.137700 0.567650 0.137700
0 0.763610 0.099609 0.846030 0.099609 0.846030 0.138670 0.763610 0.138670
0 0.381030 0.094727 0.449460 0.094727 0.449460 0.134770 0.381030 0.134770
1 0.752720 0.770510 0.894250 0.770510 0.894250 0.812500 0.752720 0.812500
